ACQUISITION INFORMATION

Detector ID:  1
Detector description:
CNS-B-PMAD13521 926
Sample description:
Cd-109
Real Time:  583.059987
Live Time:  577.119987
Acquisition start date:  20Jun2023
Acquisition start time:  14:56:38
Starting channel number:   0
Number of channels:   2048


CALIBRATION INFORMATION

ENERGY CALIBRATION
Units:
Energy Fit:  0.000000E+000  1.972973E+000  0.000000E+000
FWHM Fit:  0.000000E+000  0.000000E+000  0.000000E+000
Efficiency Terms:  0.000000  0.000000  0.000000  0.000000  0.000000
  0.000000  0.000000  0.000000  0.000000  0.000000


SPECTRUM
     0:          0          0          0          0          0
     5:          0          0          0          0          0
    10:          0          0          0         45       5103
    15:       9570       9391       8003       5850       3689
    20:       2118       1079        601        329        243
    25:        186        168        153        141        119
    30:        144        136        140        148        155
    35:        180        166        199        191        206
    40:        244        293        334        349        331
    45:        383        432        514        521        534
    50:        536        543        534        520        506
    55:        525        435        438        386        310
    60:        259        200        150        132        112
    65:         99         99         90        106         94
    70:         91        104         96         94        102
    75:         94         84         90         94        102
    80:         94         93         77        121        117
    85:        109         81        107         95        106
    90:        123        105        109        112        107
    95:         92        115        106        102        118
   100:        122        121        100        101        114
   105:        106        115        129        119        119
   110:        103        128        118        124        130
   115:        138        113        126        107        128
   120:        135        123        116        125        141
   125:        121        145        118        123        118
   130:        114        129        125        139        117
   135:        118        115        129        108        101
   140:        110        109        112        103         99
   145:        107         99        127        105        129
   150:        117        125        113        111        115
   155:        100        117        117        133        118
   160:         87        118        119        111        101
   165:        130        120        101         95        127
   170:        127        121         95        105         93
   175:        110        105        101        104        100
   180:        115        107        105        100        131
   185:        106         93         83        108        114
   190:         99         97        103         94        111
   195:        116        100        108        106         99
   200:        107         91        103        103        100
   205:        103         99        108         71        102
   210:        101        115         90         98        101
   215:         84        110        105         90         90
   220:        108         91         87        105         89
   225:         80         93         99         97         93
   230:         73         98         89         85         72
   235:         84         72         69         76         65
   240:         80         80         79        102         79
   245:         77         63         64         67         58
   250:         64         75         70         54         52
   255:         69         63         56         52         59
   260:         60         67         65         51         57
   265:         62         66         49         52         56
   270:         46         44         44         52         43
   275:         48         38         47         39         52
   280:         46         40         49         62         58
   285:         51         46         52         44         48
   290:         43         52         57         59         56
   295:         68         55         71         74         70
   300:         73         63         83         86         94
   305:         92        113         97        116        125
   310:        124        137        139        150        146
   315:        164        164        181        206        236
   320:        226        294        244        284        260
   325:        338        282        326        348        400
   330:        381        395        383        395        443
   335:        411        421        430        467        419
   340:        439        416        441        386        359
   345:        362        358        330        309        292
   350:        297        261        263        203        218
   355:        192        179        191        138        124
   360:        116        124        112        137         89
   365:         67         83         67         80         58
   370:         38         55         52         39         39
   375:         43         31         34         33         24
   380:         32         26         22         21         27
   385:         21         14         21         16         13
   390:         16         21          9         16         13
   395:         14         15         13         15         17
   400:         14         15         14         17         16
   405:         17         11         11          9         12
   410:         11         11         17         16          9
   415:          9         12         12         10          9
   420:         14         11          7          5         11
   425:         17         13         18         13         13
   430:         18         13         18         21         17
   435:         14         11         17         13         12
   440:         15         13         15         17         12
   445:         19          6         17         10         14
   450:         14         11         15         13          6
   455:          9          6          8         19         13
   460:         12         16         11         12         14
   465:         16         14         11         13         19
   470:         13         18         10         14          9
   475:          5          8         14          9          9
   480:         12          3         14         12         11
   485:         13         24         15         10         14
   490:          8         12         11         15         12
   495:         13         13          9         13         13
   500:          7         12          7         12         12
   505:          8         12          9         13         14
   510:          7          9         12          7         13
   515:          6         12          6          9          9
   520:         13         12          7          7          7
   525:         15          5         15         11          7
   530:          6         11          7         10         13
   535:         14          6         13         14         13
   540:         12         10         13         12         10
   545:          6         12         13         12          5
   550:         10         15          5         14          7
   555:         15          7          8          9         12
   560:         11         10         15         17         10
   565:         10         15         11         10         12
   570:         15          8          7         11         11
   575:         15         10          8         15         15
   580:          6         12         13         15          7
   585:         11          9         10         12         11
   590:         13         13          8          7         12
   595:          7         15          9         12         14
   600:          8         16          6          9          7
   605:         10         16         10          7         10
   610:          6          8          5         13          6
   615:         10          7         12          7          4
   620:          6         11          5          6          9
   625:         11          5          5         10         12
   630:          6          5         13          6         11
   635:         12         10         10         10          6
   640:          8         12          5          5          7
   645:          2          6          4          6         12
   650:          6          8          7         11         12
   655:          8          9         10          9          4
   660:         10          5          5          5          6
   665:         11          9          3         12          7
   670:          4          6          5          1          7
   675:         11         10          4         13          6
   680:          8          5          8         10          4
   685:          8          8          7          4          4
   690:          8         12          6          4          6
   695:          7          6          8         10         11
   700:         10         10          7          7         12
   705:         10          7          8          8          7
   710:         13          5          7         17          6
   715:         19          6         10         14         13
   720:         14          7          9         12          6
   725:          6         10          7         10          5
   730:         11         13          4          8         11
   735:         12          8         10          3          7
   740:          4          4          6          4         10
   745:         12         10          6          3          2
   750:         11          6          4         10          9
   755:         12          5          4          5          2
   760:         10          6          5          7          5
   765:          4          3          2          3          3
   770:          5          3          8          6          6
   775:         11          5          4          2          5
   780:          7          4          7          4          3
   785:          4          1          4          3          4
   790:          4          3          4          5          6
   795:          2          3          6          3          4
   800:          0          0          2          4          4
   805:          3          1          1          2          4
   810:          3          1          3          2          3
   815:          6          4          2          3          3
   820:          4          2          2          4          4
   825:          2          5          3          3          1
   830:          1          3          3          5          0
   835:          3          2          3          3          2
   840:          2          4          1          3          3
   845:          4          4          2          3          1
   850:          4          3          4          2          2
   855:          2          2          1          1          4
   860:          1          5          3          1          2
   865:          0          6          1          5          4
   870:          3          7          2          0          1
   875:          5          0          6          5          3
   880:          1          0          2          0          2
   885:          3          2          4          1          2
   890:          0          1          1          0          3
   895:          1          0          0          1          3
   900:          2          2          2          2          1
   905:          3          2          4          2          1
   910:          2          1          9          1          1
   915:          3          2          4          2          3
   920:          2          0          0          3          0
   925:          2          1          2          2          1
   930:          1          3          4          1          0
   935:          0          0          0          2          1
   940:          0          0          0          2          2
   945:          2          2          3          2          2
   950:          6          4          1          2          2
   955:          1          3          3          3          2
   960:          0          1          1          2          2
   965:          0          3          2          2          3
   970:          0          2          4          0          0
   975:          1          1          0          2          0
   980:          2          0          2          2          1
   985:          3          1          0          1          3
   990:          1          0          0          0          1
   995:          2          1          0          0          1
  1000:          3          0          1          2          1
  1005:          0          1          2          0          1
  1010:          2          0          0          1          0
  1015:          3          0          2          2          2
  1020:          2          1          0          0          2
  1025:          2          3          2          1          1
  1030:          3          2          3          2          2
  1035:          2          1          2          3          2
  1040:          1          3          1          2          1
  1045:          3          1          3          1          3
  1050:          2          1          0          2          5
  1055:          2          4          0          0          0
  1060:          1          2          2          1          1
  1065:          3          0          2          0          1
  1070:          1          1          0          0          1
  1075:          2          1          1          5          1
  1080:          2          1          4          0          0
  1085:          2          1          1          1          2
  1090:          1          2          3          2          3
  1095:          2          0          2          0          0
  1100:          1          0          2          0          0
  1105:          2          1          1          3          1
  1110:          2          0          1          0          1
  1115:          0          0          2          2          2
  1120:          4          3          0          2          0
  1125:          1          1          1          2          3
  1130:          0          1          0          3          2
  1135:          0          2          0          0          0
  1140:          0          1          3          0          1
  1145:          1          0          0          1          3
  1150:          3          1          0          1          0
  1155:          1          0          1          1          1
  1160:          1          0          1          1          2
  1165:          1          3          1          3          3
  1170:          0          2          0          0          1
  1175:          0          4          1          1          0
  1180:          0          1          0          0          3
  1185:          0          1          0          2          1
  1190:          0          0          0          0          0
  1195:          0          1          1          0          0
  1200:          0          2          0          0          0
  1205:          1          0          3          0          1
  1210:          0          0          0          0          2
  1215:          0          1          0          0          1
  1220:          1          1          1          0          1
  1225:          2          0          0          0          0
  1230:          0          1          1          3          1
  1235:          1          1          2          0          3
  1240:          1          1          1          0          1
  1245:          0          0          0          1          0
  1250:          1          0          0          1          2
  1255:          2          2          1          1          1
  1260:          2          1          3          1          3
  1265:          0          3          0          1          2
  1270:          2          1          0          1          2
  1275:          1          1          1          0          2
  1280:          1          2          0          0          0
  1285:          0          0          1          1          0
  1290:          0          0          4          1          0
  1295:          0          1          2          1          1
  1300:          2          1          1          1          3
  1305:          1          0          1          3          3
  1310:          2          0          2          2          1
  1315:          3          1          0          0          1
  1320:          3          1          2          0          0
  1325:          0          0          0          2          1
  1330:          1          0          1          2          2
  1335:          3          3          0          3          0
  1340:          0          1          0          1          0
  1345:          1          0          1          2          1
  1350:          0          0          0          1          0
  1355:          0          0          2          0          0
  1360:          0          1          0          0          0
  1365:          1          0          0          1          0
  1370:          0          0          0          0          0
  1375:          1          0          1          1          0
  1380:          1          0          0          0          0
  1385:          0          0          1          0          0
  1390:          0          0          0          0          0
  1395:          0          0          0          0          1
  1400:          0          0          1          0          0
  1405:          0          1          0          1          1
  1410:          0          0          0          1          0
  1415:          1          0          1          1          0
  1420:          0          0          0          0          0
  1425:          0          1          0          0          0
  1430:          1          0          0          0          1
  1435:          1          0          0          0          0
  1440:          0          0          0          0          0
  1445:          0          0          0          0          0
  1450:          0          1          0          0          0
  1455:          0          1          0          1          0
  1460:          1          0          0          0          0
  1465:          0          0          0          0          0
  1470:          0          0          0          0          0
  1475:          1          1          0          0          0
  1480:          0          0          1          0          0
  1485:          0          0          0          0          0
  1490:          0          1          0          0          1
  1495:          0          0          0          0          1
  1500:          0          1          0          0          0
  1505:          0          0          0          0          0
  1510:          0          0          0          0          1
  1515:          0          0          0          0          0
  1520:          0          0          0          0          1
  1525:          0          0          0          0          0
  1530:          0          0          1          0          0
  1535:          0          0          0          0          1
  1540:          0          0          0          1          0
  1545:          0          1          1          0          0
  1550:          0          0          0          0          0
  1555:          0          0          1          0          0
  1560:          0          1          0          0          0
  1565:          0          0          1          1          0
  1570:          1          0          0          0          1
  1575:          0          1          0          0          0
  1580:          0          1          1          0          0
  1585:          1          1          0          0          0
  1590:          0          1          0          0          0
  1595:          0          0          0          0          0
  1600:          0          0          0          0          0
  1605:          0          2          0          0          0
  1610:          1          1          0          0          0
  1615:          1          0          0          0          0
  1620:          0          0          0          0          1
  1625:          0          0          0          1          1
  1630:          0          1          0          0          0
  1635:          0          0          0          0          0
  1640:          0          0          1          0          0
  1645:          0          0          1          0          0
  1650:          0          0          0          1          0
  1655:          0          0          0          0          0
  1660:          0          0          0          0          0
  1665:          0          0          0          0          0
  1670:          1          0          0          0          0
  1675:          0          1          0          0          0
  1680:          0          0          0          0          0
  1685:          0          2          1          1          0
  1690:          0          2          0          0          0
  1695:          0          1          0          1          0
  1700:          0          1          0          0          2
  1705:          0          0          0          0          0
  1710:          1          0          0          0          0
  1715:          0          0          0          0          0
  1720:          0          0          0          0          0
  1725:          0          0          1          0          0
  1730:          0          0          0          0          0
  1735:          0          1          0          0          0
  1740:          0          0          0          0          0
  1745:          0          1          0          0          0
  1750:          0          0          1          0          0
  1755:          0          0          0          0          0
  1760:          1          0          1          0          0
  1765:          0          0          0          0          0
  1770:          0          0          0          0          0
  1775:          0          0          0          1          0
  1780:          0          0          0          0          0
  1785:          0          0          1          0          0
  1790:          2          1          0          1          0
  1795:          0          0          0          0          1
  1800:          1          0          0          1          1
  1805:          0          0          0          0          1
  1810:          0          0          0          0          0
  1815:          0          0          0          0          1
  1820:          0          0          1          0          0
  1825:          0          0          0          0          0
  1830:          0          2          1          0          0
  1835:          0          0          0          0          1
  1840:          0          0          0          0          0
  1845:          0          0          0          0          0
  1850:          0          0          0          1          0
  1855:          0          0          0          0          0
  1860:          0          0          0          0          0
  1865:          0          0          0          0          0
  1870:          0          0          0          0          0
  1875:          0          0          0          1          0
  1880:          0          0          0          0          0
  1885:          0          0          0          0          0
  1890:          0          1          0          0          0
  1895:          0          1          0          0          0
  1900:          0          0          0          0          1
  1905:          0          0          0          0          0
  1910:          0          0          0          0          0
  1915:          0          1          0          2          0
  1920:          0          0          0          0          0
  1925:          0          0          0          1          0
  1930:          0          0          0          0          0
  1935:          0          0          0          0          1
  1940:          1          0          0          0          0
  1945:          0          0          1          0          0
  1950:          0          0          0          1          1
  1955:          1          0          0          0          0
  1960:          0          0          0          0          0
  1965:          0          1          0          0          0
  1970:          0          0          0          0          0
  1975:          0          0          1          0          0
  1980:          0          0          0          0          0
  1985:          0          0          0          0          1
  1990:          0          0          0          1          0
  1995:          0          1          0          0          0
  2000:          0          0          0          2          1
  2005:          1          1          1          1          2
  2010:          3          0          2          1          0
  2015:          1          1          1          2          2
  2020:          1          1          1          3          1
  2025:          0          0          2          2          0
  2030:          0          0          1          0          1
  2035:          0          1          0          1          1
  2040:          1          0          1          1          0
  2045:          0          0          0
