ACQUISITION INFORMATION

Detector ID:  1
Detector description:
CNS-B-PMAD13521 926
Sample description:
Co-57
Real Time:  1367.479969
Live Time:  1355.439970
Acquisition start date:  22Jun2023
Acquisition start time:  15:09:57
Starting channel number:   0
Number of channels:   2048


CALIBRATION INFORMATION

ENERGY CALIBRATION
Units:
Energy Fit:  0.000000E+000  1.972973E+000  0.000000E+000
FWHM Fit:  0.000000E+000  0.000000E+000  0.000000E+000
Efficiency Terms:  0.000000  0.000000  0.000000  0.000000  0.000000
  0.000000  0.000000  0.000000  0.000000  0.000000


SPECTRUM
     0:          0          0          0          0          0
     5:          0          0          0          0          0
    10:          0          0          0          8        243
    15:        493        549        637        616        653
    20:        619        606        544        496        443
    25:        387        371        347        349        307
    30:        345        354        400        417        432
    35:        499        579        595        672        701
    40:        761        790        731        785        773
    45:        756        714        692        668        687
    50:        679        663        604        666        634
    55:        661        710        808        779        889
    60:        984       1013       1040       1093       1146
    65:       1173       1077       1061       1070       1034
    70:        993        961        877        815        767
    75:        597        576        514        435        409
    80:        327        343        283        274        254
    85:        259        274        262        257        279
    90:        266        275        303        315        273
    95:        279        281        284        266        276
   100:        288        307        321        301        301
   105:        279        299        313        321        286
   110:        290        318        307        293        274
   115:        251        307        270        286        282
   120:        293        267        274        253        259
   125:        249        282        261        276        247
   130:        274        260        263        253        292
   135:        240        288        302        276        259
   140:        277        257        248        249        265
   145:        273        264        271        253        259
   150:        248        248        276        264        225
   155:        240        228        250        251        233
   160:        261        227        237        265        261
   165:        228        235        251        276        228
   170:        223        233        246        238        238
   175:        233        232        235        247        244
   180:        211        233        224        225        208
   185:        215        224        207        241        230
   190:        231        213        196        217        225
   195:        207        203        248        221        221
   200:        207        210        226        184        219
   205:        212        184        184        218        217
   210:        223        202        225        205        206
   215:        206        197        178        187        172
   220:        192        205        181        185        180
   225:        178        199        173        185        159
   230:        174        178        161        188        156
   235:        173        172        167        168        169
   240:        162        157        179        171        160
   245:        175        183        162        179        147
   250:        160        140        155        161        152
   255:        166        185        145        172        178
   260:        170        185        169        151        167
   265:        171        188        164        198        200
   270:        187        193        181        196        183
   275:        182        221        192        229        201
   280:        219        221        242        243        226
   285:        277        260        268        245        267
   290:        290        274        295        306        299
   295:        314        325        310        344        349
   300:        376        403        396        390        413
   305:        435        444        468        508        445
   310:        541        534        482        541        541
   315:        551        543        577        603        573
   320:        614        616        643        595        575
   325:        631        611        566        650        613
   330:        577        566        570        535        534
   335:        491        502        468        414        416
   340:        406        370        361        295        270
   345:        273        252        262        228        209
   350:        214        150        168        135        124
   355:        104         97        124        109         77
   360:        102         87         72         81         63
   365:         63         52         45         57         48
   370:         44         50         47         40         46
   375:         39         38         38         39         38
   380:         37         38         45         35         40
   385:         30         44         32         44         41
   390:         31         31         37         31         35
   395:         25         39         31         34         34
   400:         32         41         32         32         53
   405:         35         43         39         32         31
   410:         35         44         29         40         30
   415:         40         36         28         34         46
   420:         31         21         25         33         38
   425:         31         36         31         26         41
   430:         46         29         27         34         32
   435:         24         33         38         39         34
   440:         29         28         20         32         29
   445:         34         35         30         30         29
   450:         35         35         31         34         37
   455:         31         33         31         34         28
   460:         27         27         36         34         34
   465:         23         35         23         35         30
   470:         27         34         24         31         25
   475:         32         35         35         21         25
   480:         26         27         32         34         26
   485:         35         24         33         31         36
   490:         23         29         26         21         32
   495:         29         32         17         30         26
   500:         28         34         29         32         33
   505:         24         29         29         29         31
   510:         30         28         23         30         27
   515:         36         24         26         36         20
   520:         25         27         27         21         27
   525:         30         20         22         24         23
   530:         25         23         24         23         31
   535:         25         22         18         28         31
   540:         21         26         22         23         18
   545:         36         26         27         22         22
   550:         28         32         25         25         29
   555:         29         21         19         20         17
   560:         21         20         21         23         23
   565:         27         22         22         31         29
   570:         24         24         18         30         26
   575:         16         22         18         32         19
   580:         16         20         12         25         25
   585:         26         28         14         20         15
   590:         19         23         24         18         25
   595:         22         22         19         20         17
   600:         22         27         25         26         17
   605:         17         24         18         16         25
   610:         20         19         15         24         15
   615:         18         22         17         20         29
   620:         21         15         17         25         17
   625:         11         17         20         18         20
   630:         19         22         13         12         18
   635:         16         19         16         20         16
   640:         21          9         12         14         19
   645:         23         23         24         12         20
   650:         11         25         15         20         18
   655:         19         13         22         20         19
   660:         18         13         28         13         13
   665:         20         10         18         17         26
   670:         12         18         17         15         23
   675:         18         15         13         13         17
   680:         24         18         10         26         15
   685:         19         18         22         23         20
   690:         14         16         24         18         28
   695:         12         21         22         14         17
   700:         15          9         16         16         19
   705:         14         23         14         14         11
   710:         16         14         21         13         26
   715:         22         20         19         11         14
   720:         11         16         15         19         17
   725:         13         14         22         12         11
   730:         10         16          9         13         11
   735:         10         16          8         10         15
   740:         11         13         12         12         10
   745:         11          7         13          6         10
   750:         11         11         14          9         11
   755:          7          8          9         14         15
   760:          4         16          4          5          9
   765:          6          7          7          8          5
   770:         11          8          5         14         10
   775:         13          8         14         10          6
   780:          6          8          7          9         11
   785:         10          6          9          7          7
   790:         11          5          8          7          4
   795:          4          4          3         11          3
   800:          4          6          0         13          6
   805:          6          8          5          2          5
   810:          5          8          9          4          5
   815:          4          5          4         11          9
   820:         11          6          8          1          3
   825:          8          6          6          5          7
   830:          2          8          3          9          7
   835:          6          9          4          5          2
   840:          5          6          2          9          6
   845:          8          5          7          4          5
   850:          9          8          7         12          7
   855:          5          6          7          9          7
   860:          5          4          5          6          5
   865:          4          6          6          2          6
   870:          2          4          7          1          5
   875:          5          4          6          8          2
   880:          6          5          3          4          4
   885:          3          6          1          2          2
   890:          5          2          6          4          1
   895:          4          3          5          3          2
   900:          2          3          4          6          4
   905:          7          2          7          1          8
   910:          2          9          2          3          4
   915:          4          2          4          2          1
   920:          0          1          7          4          6
   925:          3          6          8          1          5
   930:          1          2          2          1          6
   935:          2          5          5          2          4
   940:          1          4          3          3          4
   945:          4          4          3          5          3
   950:          0          7          8          2          1
   955:          3          5          4          4          4
   960:          1          4          3          2          4
   965:          1          4          4          2          5
   970:          8          1          3          5          7
   975:          2          1          7          5          6
   980:          2          3          8          5          2
   985:          4          3          1          3          1
   990:          5          1          0          2          4
   995:          2          8          5          5          4
  1000:          3          3          3          3          2
  1005:          2          3          5          5          3
  1010:          4          4          2          4          4
  1015:          6          3          5          5          2
  1020:          3          1          3          2          8
  1025:          6          1          4          4          5
  1030:          1          5          2          5          1
  1035:          3          5          2          5          4
  1040:          1          5          6          4          4
  1045:          4          3          3          4          6
  1050:          4          5          3          4          5
  1055:          4          6          3          1          3
  1060:          2          4          2          5          3
  1065:          2          3          2          6          4
  1070:          1          4          2          0          1
  1075:          1          2          5          1          3
  1080:          3          2          3          1          5
  1085:          2          0          1          4          3
  1090:          3          3          3          1          3
  1095:          3          2          4          0          1
  1100:          1          2          1          2          3
  1105:          1          3          3          2          4
  1110:          3          3          4          1          5
  1115:          5          2          2          5          5
  1120:          1          0          1          2          3
  1125:          3          1          3          1          1
  1130:          1          1          3          3          0
  1135:          5          0          4          3          2
  1140:          3          6          1          0          2
  1145:          0          2          2          3          2
  1150:          1          2          3          1          1
  1155:          3          2          5          3          1
  1160:          0          1          7          1          0
  1165:          1          1          2          3          2
  1170:          1          6          1          3          7
  1175:          2          1          2          2          1
  1180:          5          2          3          2          1
  1185:          0          2          0          0          2
  1190:          1          3          3          3          2
  1195:          3          2          1          4          2
  1200:          3          2          4          0          6
  1205:          0          1          1          1          3
  1210:          2          2          3          4          6
  1215:          3          2          2          8          3
  1220:          4          0          2          0          3
  1225:          2          4          3          2          2
  1230:          0          2          2          4          3
  1235:          4          2          0          2          2
  1240:          1          0          1          0          3
  1245:          2          2          0          4          2
  1250:          2          2          2          1          1
  1255:          2          2          2          3          1
  1260:          1          1          4          0          4
  1265:          3          1          2          0          2
  1270:          1          0          1          3          1
  1275:          2          2          0          3          1
  1280:          2          1          1          0          4
  1285:          5          3          1          3          0
  1290:          2          2          2          2          0
  1295:          1          2          3          0          1
  1300:          3          0          1          0          1
  1305:          0          0          2          2          1
  1310:          1          1          2          1          0
  1315:          2          1          0          0          4
  1320:          1          1          0          1          2
  1325:          0          0          0          3          1
  1330:          2          3          3          1          1
  1335:          0          2          1          3          0
  1340:          1          0          0          3          1
  1345:          2          0          0          0          2
  1350:          0          1          1          0          1
  1355:          1          2          0          1          0
  1360:          0          2          0          0          1
  1365:          1          0          1          0          1
  1370:          0          1          2          0          1
  1375:          0          1          0          1          2
  1380:          1          1          0          1          0
  1385:          0          3          0          1          0
  1390:          1          0          1          0          1
  1395:          1          0          2          0          1
  1400:          2          1          0          0          1
  1405:          0          0          1          2          1
  1410:          0          1          0          1          0
  1415:          0          2          1          0          0
  1420:          0          1          0          1          0
  1425:          1          1          0          1          0
  1430:          0          0          0          0          0
  1435:          0          1          0          1          0
  1440:          1          0          0          0          1
  1445:          3          1          0          3          0
  1450:          0          3          0          0          1
  1455:          1          1          0          0          0
  1460:          0          0          0          0          1
  1465:          2          0          0          1          0
  1470:          1          1          1          0          1
  1475:          3          0          0          0          2
  1480:          0          2          4          1          0
  1485:          0          0          0          3          0
  1490:          0          0          0          0          1
  1495:          1          1          0          0          1
  1500:          0          0          0          0          2
  1505:          0          0          1          1          0
  1510:          0          1          0          0          3
  1515:          1          1          0          0          0
  1520:          0          0          0          1          2
  1525:          0          1          1          1          2
  1530:          1          0          1          0          1
  1535:          1          1          0          0          2
  1540:          2          0          0          0          0
  1545:          2          0          0          2          3
  1550:          0          0          0          0          1
  1555:          0          0          0          1          0
  1560:          1          3          0          1          2
  1565:          1          0          0          0          0
  1570:          0          1          1          0          0
  1575:          0          0          1          0          0
  1580:          0          0          1          0          0
  1585:          1          0          2          0          1
  1590:          1          0          0          1          0
  1595:          0          1          1          1          0
  1600:          0          0          2          1          0
  1605:          2          2          0          1          1
  1610:          0          0          0          0          1
  1615:          1          0          2          0          1
  1620:          0          0          0          0          2
  1625:          1          0          0          0          1
  1630:          1          0          0          0          1
  1635:          1          2          1          0          1
  1640:          1          1          0          0          0
  1645:          0          0          1          0          3
  1650:          1          0          0          0          0
  1655:          0          0          0          0          1
  1660:          0          1          0          0          0
  1665:          0          1          0          1          0
  1670:          0          0          1          2          0
  1675:          0          0          0          1          0
  1680:          1          0          1          1          0
  1685:          0          0          0          2          0
  1690:          0          0          0          0          1
  1695:          0          1          0          1          1
  1700:          1          0          0          2          0
  1705:          1          0          2          0          0
  1710:          1          0          0          1          1
  1715:          1          0          0          0          1
  1720:          0          1          0          0          1
  1725:          1          1          0          0          1
  1730:          1          0          1          0          1
  1735:          0          0          2          0          2
  1740:          0          0          0          1          0
  1745:          0          0          1          1          0
  1750:          1          0          1          0          0
  1755:          2          0          0          0          0
  1760:          1          1          0          2          0
  1765:          0          0          1          0          0
  1770:          1          1          1          2          0
  1775:          0          1          0          0          0
  1780:          0          0          1          1          0
  1785:          1          1          0          0          1
  1790:          1          1          2          0          0
  1795:          0          0          0          0          1
  1800:          0          1          0          0          0
  1805:          0          0          0          0          0
  1810:          0          0          2          1          2
  1815:          1          0          0          0          0
  1820:          1          0          0          1          0
  1825:          1          1          1          1          1
  1830:          1          0          0          0          0
  1835:          0          0          0          1          1
  1840:          0          0          0          0          1
  1845:          0          0          0          1          0
  1850:          1          1          1          0          0
  1855:          0          0          1          0          0
  1860:          0          1          0          0          0
  1865:          0          0          1          0          1
  1870:          0          0          1          0          0
  1875:          0          0          2          0          1
  1880:          1          0          1          0          0
  1885:          0          1          0          0          1
  1890:          0          0          0          1          1
  1895:          1          0          0          0          0
  1900:          2          0          1          0          0
  1905:          0          2          0          0          0
  1910:          1          1          2          0          1
  1915:          0          0          1          0          0
  1920:          0          0          0          2          0
  1925:          0          2          0          0          0
  1930:          0          1          0          0          1
  1935:          2          0          0          1          1
  1940:          0          0          0          0          1
  1945:          1          3          0          0          0
  1950:          1          0          0          0          1
  1955:          0          1          0          0          0
  1960:          1          0          0          0          0
  1965:          0          1          1          0          0
  1970:          1          1          1          0          0
  1975:          0          0          0          0          0
  1980:          0          0          0          0          0
  1985:          1          0          0          0          0
  1990:          1          0          0          0          0
  1995:          0          0          0          0          0
  2000:          1          2          1          1          4
  2005:          5          2          2          3          2
  2010:          2          1          4          1          0
  2015:          1          1          3          4          0
  2020:          1          3          1          3          3
  2025:          1          3          2          2          2
  2030:          1          2          2          1          1
  2035:          2          3          3          3          2
  2040:          2          1          2          2          0
  2045:          0          2          1
