ACQUISITION INFORMATION

Detector ID:  1
Detector description:
CNS-B-PMAD13521 926
Sample description:
Co-60
Real Time:  217.959995
Live Time:  197.539996
Acquisition start date:  20Jun2023
Acquisition start time:  14:51:49
Starting channel number:   0
Number of channels:   2048


CALIBRATION INFORMATION

ENERGY CALIBRATION
Units:
Energy Fit:  0.000000E+000  1.972973E+000  0.000000E+000
FWHM Fit:  0.000000E+000  0.000000E+000  0.000000E+000
Efficiency Terms:  0.000000  0.000000  0.000000  0.000000  0.000000
  0.000000  0.000000  0.000000  0.000000  0.000000


SPECTRUM
     0:          0          0          0          0          0
     5:          0          0          0          0          0
    10:          0          0          0         35        545
    15:        874        856        903        874        922
    20:        932        995        955        942        908
    25:        926        956        945       1031        964
    30:       1006        991        980        991       1071
    35:       1068       1135       1177       1329       1362
    40:       1423       1574       1592       1762       1727
    45:       1745       1694       1755       1673       1587
    50:       1540       1462       1413       1328       1156
    55:       1175       1072       1010        976        918
    60:        957        884        910        919        868
    65:        782        885        811        901        906
    70:        868        826        889        848        877
    75:        855        879        878        842        910
    80:        895        824        894        865        908
    85:        903        841        894        904        902
    90:        907        906        924        938        882
    95:        977        978        954        943        957
   100:        931        966       1012       1041       1016
   105:       1070       1097       1058       1023       1065
   110:       1085       1182       1168       1190       1215
   115:       1234       1220       1282       1252       1313
   120:       1269       1334       1369       1322       1331
   125:       1426       1447       1428       1436       1399
   130:       1506       1435       1471       1454       1411
   135:       1458       1430       1427       1440       1396
   140:       1441       1397       1351       1435       1369
   145:       1402       1458       1384       1364       1411
   150:       1375       1413       1376       1399       1352
   155:       1322       1394       1290       1395       1339
   160:       1311       1361       1293       1305       1342
   165:       1284       1292       1268       1255       1239
   170:       1274       1236       1271       1283       1196
   175:       1249       1246       1251       1151       1200
   180:       1217       1190       1168       1193       1160
   185:       1131       1158       1154       1181       1116
   190:       1094       1131       1158       1060       1035
   195:       1099       1076       1021       1073       1049
   200:       1073       1052       1033       1006        987
   205:       1043       1083        976       1022       1035
   210:       1002       1018        993        987       1037
   215:        969        960        973        993        974
   220:       1017        950        974        948        957
   225:        953        997        980        942        942
   230:        913        934        971        894        869
   235:        946        907        898        878        935
   240:        935        910        890        877        926
   245:        906        924        890        953        881
   250:        855        857        886        906        921
   255:        930        867        925        933        850
   260:        849        864        893        919        867
   265:        879        862        959        839        863
   270:        868        912        853        871        834
   275:        803        826        848        824        834
   280:        821        799        810        829        815
   285:        836        790        773        808        804
   290:        792        801        794        764        781
   295:        778        780        812        787        806
   300:        815        747        771        812        721
   305:        829        832        751        855        793
   310:        794        786        870        786        840
   315:        803        817        821        839        808
   320:        822        837        815        896        853
   325:        825        832        863        876        927
   330:        891        836        912        888        858
   335:        860        884        925        877        917
   340:        897        899        903        867        917
   345:        926        894        851        920        872
   350:        890        864        808        828        855
   355:        859        829        811        805        813
   360:        849        777        817        789        772
   365:        827        846        777        794        818
   370:        758        803        803        783        803
   375:        798        833        762        776        805
   380:        769        842        814        769        831
   385:        814        801        834        793        759
   390:        836        786        755        783        821
   395:        842        795        782        852        899
   400:        788        838        850        801        818
   405:        859        781        831        803        857
   410:        891        828        848        848        835
   415:        876        840        823        812        859
   420:        849        865        833        860        909
   425:        850        809        839        799        819
   430:        901        832        876        863        874
   435:        872        901        860        877        819
   440:        839        808        872        833        864
   445:        862        823        815        830        837
   450:        874        823        862        808        844
   455:        831        819        793        818        853
   460:        813        850        792        787        803
   465:        809        795        753        762        775
   470:        769        827        813        793        804
   475:        780        772        774        745        752
   480:        704        718        692        736        705
   485:        693        723        693        711        710
   490:        648        659        686        711        640
   495:        665        693        656        654        681
   500:        676        688        684        644        620
   505:        670        673        628        700        639
   510:        644        644        614        599        631
   515:        602        602        577        631        581
   520:        626        631        650        639        566
   525:        616        630        662        639        610
   530:        679        646        686        725        619
   535:        661        700        730        712        709
   540:        717        770        744        823        818
   545:        856        860        847        865        927
   550:        938        949        972        949       1008
   555:       1042       1070       1159       1238       1209
   560:       1272       1348       1363       1377       1368
   565:       1468       1438       1580       1594       1648
   570:       1691       1653       1785       1799       1785
   575:       1843       1856       1935       1927       1931
   580:       2003       2026       2062       2064       2003
   585:       2088       2125       2099       2007       1983
   590:       2008       1982       2010       1983       2004
   595:       1848       1843       1810       1836       1720
   600:       1709       1664       1592       1510       1488
   605:       1442       1448       1300       1394       1313
   610:       1253       1242       1175       1160       1145
   615:       1073       1075       1103       1001        996
   620:       1008       1044       1015        975       1006
   625:        980        967       1016        978       1045
   630:       1045        986        971       1080       1081
   635:       1029       1119       1241       1195       1200
   640:       1209       1323       1256       1247       1329
   645:       1358       1347       1387       1410       1414
   650:       1492       1420       1447       1534       1564
   655:       1470       1563       1615       1601       1627
   660:       1610       1616       1532       1619       1591
   665:       1576       1539       1559       1539       1458
   670:       1507       1519       1442       1404       1375
   675:       1324       1334       1203       1299       1230
   680:       1204       1079       1058       1044       1046
   685:        964        946        863        838        786
   690:        783        791        709        673        673
   695:        663        612        585        559        531
   700:        523        451        472        494        417
   705:        423        437        386        393        380
   710:        353        304        340        288        273
   715:        278        288        298        265        257
   720:        264        228        227        204        215
   725:        183        200        206        190        179
   730:        171        160        201        171        164
   735:        167        154        154        136        131
   740:        146        135        130        150        124
   745:        130        118        120        106        119
   750:        127        113        108        101        107
   755:        120        115        110        112         99
   760:        111        112        109         95        112
   765:        104         86        103        121         83
   770:        104         92         94         98         83
   775:        104        108        113         96         92
   780:         84         94        112         91         96
   785:         94         91         94        125        104
   790:        106        111         85        104         92
   795:         86         94        103        101        108
   800:        104        113         89         97        110
   805:        100         81         94         96        101
   810:         92         80         94         81         98
   815:         84         71         86         88         96
   820:         80         76         83         94         90
   825:         94         89         93         76         87
   830:         98         86         81         95         93
   835:         66         86        112         81         89
   840:         70         89         88         95         80
   845:         89         78         92         60         78
   850:         82         90         77         77         73
   855:         60         77         71         85         72
   860:         72         72         58         73         84
   865:         63         73         91         65         80
   870:         79         73         76         70         69
   875:         69         71         63         60         67
   880:         78         69         82         67         66
   885:         77         61         65         66         78
   890:         65         59         80         78         67
   895:         65         75         66         56         65
   900:         71         59         62         56         59
   905:         67         62         73         55         58
   910:         59         65         59         68         62
   915:         50         58         59         55         67
   920:         74         67         64         53         67
   925:         66         56         70         63         64
   930:         58         67         53         58         53
   935:         59         60         54         60         63
   940:         49         47         53         53         70
   945:         60         70         55         55         55
   950:         69         57         50         62         42
   955:         62         63         51         46         61
   960:         70         60         56         62         50
   965:         49         62         61         55         61
   970:         51         47         57         56         67
   975:         49         44         61         55         46
   980:         55         45         54         57         63
   985:         46         51         58         55         65
   990:         66         58         59         55         52
   995:         45         57         67         53         59
  1000:         63         51         44         58         73
  1005:         52         53         51         58         64
  1010:         57         39         46         55         53
  1015:         63         53         54         53         53
  1020:         47         68         50         45         45
  1025:         48         35         44         45         53
  1030:         60         59         58         55         50
  1035:         62         56         62         55         53
  1040:         46         58         43         45         61
  1045:         60         54         54         49         39
  1050:         44         55         48         47         53
  1055:         48         54         46         52         44
  1060:         48         57         41         50         55
  1065:         60         59         44         49         51
  1070:         48         69         46         48         73
  1075:         54         51         49         46         52
  1080:         60         48         50         42         31
  1085:         43         67         50         56         46
  1090:         40         46         47         48         45
  1095:         50         43         61         46         47
  1100:         44         49         52         31         43
  1105:         38         39         46         45         38
  1110:         48         42         44         47         37
  1115:         35         35         39         42         54
  1120:         33         41         37         32         44
  1125:         41         32         35         41         53
  1130:         42         31         37         27         41
  1135:         32         40         30         31         30
  1140:         28         34         32         31         29
  1145:         37         21         35         32         29
  1150:         30         33         32         30         36
  1155:         23         30         29         20         26
  1160:         26         27         32         25         26
  1165:         21         30         17         29         29
  1170:         25         29         28         24         22
  1175:         33         24         24         32         37
  1180:         36         35         26         38         28
  1185:         33         29         28         58         40
  1190:         39         29         28         38         39
  1195:         32         38         47         33         32
  1200:         40         38         36         43         51
  1205:         45         43         63         44         40
  1210:         43         58         63         49         60
  1215:         51         53         61         49         65
  1220:         57         64         63         54         57
  1225:         52         70         69         66         59
  1230:         59         62         52         62         69
  1235:         61         60         68         77         77
  1240:         52         65         51         71         65
  1245:         66         73         62         61         59
  1250:         44         62         66         57         60
  1255:         43         72         55         41         58
  1260:         51         54         47         52         50
  1265:         49         45         57         52         54
  1270:         43         53         37         40         40
  1275:         34         35         34         46         41
  1280:         33         28         32         21         26
  1285:         33         24         28         35         25
  1290:         22         27         15         24         13
  1295:         21         25         15         17         13
  1300:         12         10         15          9          8
  1305:         12         14         21         10         15
  1310:          7         11          9          7          9
  1315:          7          5          8          6          5
  1320:          3          3          5          9          8
  1325:          7          4          5          5          4
  1330:          4          3          9          4          7
  1335:          3          2          4          5          1
  1340:          0          5          2          5          1
  1345:          6          3          6          2          5
  1350:          0          2          4          2          4
  1355:          2          1          1          3          0
  1360:          3          2          2          0          0
  1365:          4          2          3          1          2
  1370:          1          0          0          3          1
  1375:          0          1          2          1          2
  1380:          2          1          1          1          2
  1385:          1          2          0          1          0
  1390:          1          2          2          0          0
  1395:          0          0          0          0          1
  1400:          0          0          0          2          1
  1405:          0          1          0          1          1
  1410:          4          0          1          1          0
  1415:          0          0          0          0          2
  1420:          0          1          0          2          2
  1425:          1          0          1          0          1
  1430:          1          0          0          1          0
  1435:          1          0          0          0          2
  1440:          0          0          0          1          1
  1445:          2          1          2          2          1
  1450:          0          0          0          1          0
  1455:          0          1          2          0          2
  1460:          1          0          0          0          0
  1465:          0          0          2          0          1
  1470:          1          1          1          0          2
  1475:          0          1          1          0          0
  1480:          0          2          0          1          2
  1485:          0          0          1          0          1
  1490:          0          2          1          1          2
  1495:          0          2          1          1          0
  1500:          0          0          0          1          0
  1505:          0          0          0          0          0
  1510:          0          2          0          0          0
  1515:          0          0          1          0          1
  1520:          1          0          1          2          0
  1525:          1          0          1          0          0
  1530:          0          1          0          1          0
  1535:          2          0          0          1          0
  1540:          0          0          0          0          1
  1545:          1          0          3          1          3
  1550:          2          0          0          0          0
  1555:          0          1          0          1          1
  1560:          0          1          0          0          3
  1565:          1          2          0          1          1
  1570:          0          2          0          0          1
  1575:          0          1          1          0          0
  1580:          4          0          0          0          0
  1585:          0          0          0          1          0
  1590:          0          0          3          1          0
  1595:          1          0          1          2          0
  1600:          0          2          0          2          2
  1605:          1          0          0          0          0
  1610:          0          1          3          0          1
  1615:          0          1          0          1          0
  1620:          1          0          0          1          0
  1625:          1          0          3          1          1
  1630:          0          1          0          0          0
  1635:          0          0          0          0          0
  1640:          0          2          0          1          0
  1645:          2          1          0          0          1
  1650:          0          0          0          1          1
  1655:          0          0          1          0          0
  1660:          1          0          0          0          0
  1665:          0          0          0          0          0
  1670:          0          0          0          0          0
  1675:          1          0          0          0          0
  1680:          0          0          0          0          1
  1685:          0          1          0          0          0
  1690:          1          0          0          0          0
  1695:          0          0          1          0          2
  1700:          0          0          0          1          0
  1705:          1          0          2          0          0
  1710:          0          0          0          0          0
  1715:          0          0          1          0          1
  1720:          1          0          0          1          0
  1725:          0          0          1          0          1
  1730:          0          0          0          1          1
  1735:          0          0          2          0          0
  1740:          0          2          1          0          0
  1745:          0          0          0          0          0
  1750:          0          0          0          0          0
  1755:          0          1          0          0          1
  1760:          1          0          0          0          1
  1765:          0          0          0          0          0
  1770:          0          0          0          0          0
  1775:          2          0          0          0          0
  1780:          1          0          0          1          0
  1785:          0          0          1          0          0
  1790:          0          0          0          1          1
  1795:          0          0          0          0          1
  1800:          0          0          2          0          0
  1805:          1          0          0          0          1
  1810:          0          0          0          0          0
  1815:          0          0          0          0          1
  1820:          0          0          0          0          0
  1825:          1          0          0          0          1
  1830:          0          0          0          0          0
  1835:          0          1          1          0          0
  1840:          0          0          0          0          0
  1845:          1          1          0          0          0
  1850:          2          0          0          0          0
  1855:          0          0          0          0          0
  1860:          1          0          0          0          0
  1865:          0          0          0          0          0
  1870:          2          1          0          0          0
  1875:          0          1          0          0          0
  1880:          0          1          0          0          0
  1885:          0          0          0          0          0
  1890:          0          0          0          1          1
  1895:          0          1          0          0          2
  1900:          0          0          0          0          0
  1905:          1          0          0          0          1
  1910:          0          0          1          0          0
  1915:          0          0          0          0          0
  1920:          0          0          0          1          1
  1925:          0          0          0          0          1
  1930:          0          0          0          1          0
  1935:          0          0          0          0          0
  1940:          0          0          0          0          1
  1945:          0          0          0          0          0
  1950:          0          0          0          0          0
  1955:          0          0          0          0          0
  1960:          0          0          0          0          0
  1965:          0          0          0          0          0
  1970:          0          0          0          0          0
  1975:          0          0          0          0          0
  1980:          0          0          0          0          0
  1985:          0          0          0          0          0
  1990:          1          0          0          0          0
  1995:          0          0          1          0          0
  2000:          0          0          2          1          0
  2005:          1          1          1          1          0
  2010:          1          0          0          1          0
  2015:          1          1          0          1          0
  2020:          2          0          2          1          3
  2025:          1          0          0          0          0
  2030:          1          0          1          0          0
  2035:          0          1          0          0          0
  2040:          0          0          1          0          0
  2045:          0          0          1
