ACQUISITION INFORMATION

Detector ID:  1
Detector description:
CNS-B-PMAD13521 926
Sample description:
Cs-137
Real Time:  70.959998
Live Time:  68.619998
Acquisition start date:  20Jun2023
Acquisition start time:  15:24:02
Starting channel number:   0
Number of channels:   2048


CALIBRATION INFORMATION

ENERGY CALIBRATION
Units:
Energy Fit:  0.000000E+000  1.972973E+000  0.000000E+000
FWHM Fit:  0.000000E+000  0.000000E+000  0.000000E+000
Efficiency Terms:  0.000000  0.000000  0.000000  0.000000  0.000000
  0.000000  0.000000  0.000000  0.000000  0.000000


SPECTRUM
     0:          0          0          0          0          0
     5:          0          0          0          0          0
    10:          0          0          0          7        202
    15:        336        470        614        801        971
    20:       1047       1127       1122       1001        776
    25:        567        469        347        287        273
    30:        237        212        215        192        216
    35:        207        223        238        229        265
    40:        293        314        340        333        362
    45:        396        316        357        327        329
    50:        310        311        319        283        255
    55:        236        246        218        204        196
    60:        194        156        190        167        180
    65:        169        191        173        173        179
    70:        187        148        177        184        163
    75:        180        175        174        198        190
    80:        165        186        204        172        184
    85:        167        178        181        193        185
    90:        210        187        182        191        204
    95:        235        181        215        186        201
   100:        205        226        238        236        213
   105:        253        249        226        262        247
   110:        232        272        256        266        256
   115:        279        260        250        280        261
   120:        226        274        246        273        257
   125:        275        256        244        245        254
   130:        245        235        230        246        238
   135:        249        224        243        263        225
   140:        231        229        207        223        256
   145:        240        244        191        209        221
   150:        213        217        214        221        190
   155:        200        223        175        209        185
   160:        197        189        204        188        197
   165:        205        211        186        178        185
   170:        179        203        175        172        188
   175:        183        185        198        175        193
   180:        172        157        192        189        201
   185:        171        163        196        187        190
   190:        175        181        189        166        194
   195:        159        183        185        191        176
   200:        172        173        178        192        188
   205:        197        177        187        158        171
   210:        157        189        174        188        175
   215:        184        183        170        189        174
   220:        175        176        189        175        173
   225:        147        142        148        162        165
   230:        170        137        146        138        144
   235:        148        109        130        126        136
   240:        125        105         94        100        109
   245:        108         84        100        109         99
   250:         80         73         89         81         84
   255:         77         86         75         71         61
   260:         70         64         55         70         69
   265:         54         56         66         53         57
   270:         61         55         49         52         63
   275:         51         43         38         55         51
   280:         42         47         52         54         66
   285:         59         59         48         64         66
   290:         69         76         63         76         80
   295:         82         92         95        112        100
   300:        141        140        140        160        136
   305:        177        211        220        224        267
   310:        261        280        323        313        340
   315:        398        406        465        503        530
   320:        593        614        633        734        709
   325:        776        787        886        888        886
   330:        997       1038        978       1055       1047
   335:       1109       1124       1062       1107       1025
   340:       1036       1074        979       1025        974
   345:        917        926        828        797        751
   350:        669        696        629        585        545
   355:        476        446        439        395        357
   360:        295        271        263        239        215
   365:        171        131        161        137        119
   370:        112        102         91         73         80
   375:         67         58         37         48         40
   380:         35         33         22         28         18
   385:         16         15         16          8         10
   390:          9         12          7          7          8
   395:          6          3          2          4          5
   400:          6          0          3          5          4
   405:          4          0          0          4          2
   410:          5          1          5          2          2
   415:          4          6          4          3          3
   420:          4          3          3          5          2
   425:          4          5          3          7          2
   430:          2          2          1          5          1
   435:          1          2          2          4          1
   440:          1          1          3          3          3
   445:          2          1          3          3          4
   450:          3          2          2          3          1
   455:          3          2          3          3          3
   460:          2          3          7          1          5
   465:          1          1          1          7          4
   470:          2          3          0          4          2
   475:          2          4          1          3          3
   480:          1          2          3          2          2
   485:          4          3          1          5          1
   490:          2          3          4          4          3
   495:          2          1          4          4          0
   500:          5          0          1          2          2
   505:          3          1          2          3          2
   510:          0          5          0          0          2
   515:          5          3          4          2          3
   520:          2          1          0          0          1
   525:          3          1          1          3          1
   530:          1          3          4          0          2
   535:          3          3          2          4          0
   540:          6          0          1          2          1
   545:          2          1          1          1          0
   550:          3          1          1          2          1
   555:          1          0          0          0          5
   560:          0          2          4          1          2
   565:          0          4          0          1          0
   570:          2          3          2          1          1
   575:          1          1          0          2          1
   580:          2          1          3          2          1
   585:          3          2          1          0          3
   590:          0          1          1          3          1
   595:          1          2          1          4          3
   600:          0          2          1          4          2
   605:          2          2          2          1          3
   610:          1          0          0          0          4
   615:          0          1          2          0          1
   620:          1          1          0          1          1
   625:          1          0          0          2          0
   630:          2          1          2          2          2
   635:          2          2          1          1          0
   640:          2          0          0          2          1
   645:          0          0          1          2          4
   650:          1          1          1          1          0
   655:          3          2          0          2          1
   660:          1          1          3          1          2
   665:          2          1          0          3          0
   670:          1          1          2          0          1
   675:          2          1          0          4          0
   680:          0          4          3          1          0
   685:          1          0          1          2          1
   690:          2          3          2          1          1
   695:          1          3          1          2          2
   700:          1          2          0          0          2
   705:          3          1          0          0          0
   710:          1          2          1          0          1
   715:          1          0          1          2          0
   720:          0          0          2          0          2
   725:          0          1          0          2          0
   730:          0          1          0          1          0
   735:          1          1          0          0          1
   740:          1          0          2          1          0
   745:          0          2          3          0          0
   750:          0          1          0          0          0
   755:          0          2          0          0          0
   760:          0          1          0          0          1
   765:          0          0          0          1          0
   770:          1          2          0          0          1
   775:          0          2          1          1          3
   780:          0          1          0          2          0
   785:          0          0          0          1          1
   790:          0          0          1          0          0
   795:          1          1          0          1          0
   800:          1          0          0          1          0
   805:          0          0          1          0          0
   810:          1          0          0          0          0
   815:          0          1          0          0          1
   820:          1          0          0          2          0
   825:          0          0          0          0          0
   830:          0          0          1          0          1
   835:          0          0          0          0          0
   840:          1          0          0          0          0
   845:          2          0          0          0          0
   850:          0          0          0          0          1
   855:          0          1          0          1          1
   860:          1          1          0          0          0
   865:          0          1          0          1          1
   870:          0          0          0          0          0
   875:          0          1          0          1          0
   880:          0          0          0          1          0
   885:          0          0          0          0          0
   890:          0          0          1          0          0
   895:          0          3          0          0          0
   900:          0          0          0          0          0
   905:          0          0          0          0          0
   910:          0          1          0          1          0
   915:          0          1          1          0          0
   920:          0          0          0          0          0
   925:          0          0          0          1          1
   930:          0          0          1          0          0
   935:          1          1          0          0          0
   940:          3          0          0          0          0
   945:          0          0          0          0          0
   950:          1          0          0          1          0
   955:          0          0          0          0          1
   960:          0          0          0          0          0
   965:          0          0          0          0          0
   970:          0          0          0          0          0
   975:          0          0          0          0          0
   980:          0          0          0          0          0
   985:          0          1          0          0          0
   990:          0          0          0          1          0
   995:          0          0          0          0          1
  1000:          0          1          0          0          0
  1005:          0          0          0          0          0
  1010:          1          1          0          0          0
  1015:          1          0          0          0          0
  1020:          0          0          1          1          0
  1025:          0          0          0          0          1
  1030:          0          0          1          1          0
  1035:          1          0          0          0          0
  1040:          1          0          0          0          0
  1045:          0          1          1          0          1
  1050:          0          0          1          0          0
  1055:          0          0          1          0          0
  1060:          0          0          0          0          0
  1065:          0          0          0          0          0
  1070:          0          0          0          1          0
  1075:          0          0          1          0          0
  1080:          0          0          2          0          1
  1085:          0          0          0          0          0
  1090:          0          0          0          0          0
  1095:          0          0          2          0          0
  1100:          0          0          0          0          0
  1105:          0          0          0          0          1
  1110:          0          0          0          0          0
  1115:          0          0          0          0          0
  1120:          0          0          0          0          0
  1125:          0          0          0          0          0
  1130:          0          0          1          0          0
  1135:          0          0          0          0          0
  1140:          0          0          0          0          1
  1145:          0          1          1          1          0
  1150:          0          0          0          0          0
  1155:          0          0          0          0          0
  1160:          0          0          0          1          1
  1165:          0          0          0          0          0
  1170:          0          0          0          0          0
  1175:          0          0          0          0          0
  1180:          1          0          0          0          0
  1185:          0          0          0          0          0
  1190:          0          0          0          0          0
  1195:          0          0          0          0          0
  1200:          0          0          0          0          0
  1205:          0          2          0          0          1
  1210:          0          0          0          0          1
  1215:          0          0          0          0          0
  1220:          0          0          0          0          0
  1225:          0          0          0          1          0
  1230:          0          0          0          0          0
  1235:          1          1          0          0          0
  1240:          0          0          0          0          0
  1245:          0          1          0          0          0
  1250:          0          1          0          0          0
  1255:          0          0          1          0          0
  1260:          0          1          0          0          0
  1265:          0          0          0          0          0
  1270:          0          0          0          0          0
  1275:          0          0          0          0          0
  1280:          1          0          0          0          0
  1285:          1          0          0          0          0
  1290:          0          0          0          0          0
  1295:          0          0          0          0          0
  1300:          0          0          0          0          0
  1305:          0          0          1          0          0
  1310:          0          0          0          0          0
  1315:          0          0          0          0          0
  1320:          0          0          0          0          0
  1325:          0          0          0          0          0
  1330:          0          0          0          1          0
  1335:          0          1          0          0          0
  1340:          0          0          0          0          0
  1345:          0          0          0          0          0
  1350:          0          0          0          0          0
  1355:          0          0          1          0          0
  1360:          0          0          0          0          0
  1365:          0          0          0          0          0
  1370:          0          0          0          0          0
  1375:          0          0          0          0          0
  1380:          0          0          0          0          0
  1385:          0          0          0          0          0
  1390:          0          0          0          0          0
  1395:          0          0          0          0          0
  1400:          0          0          0          0          0
  1405:          0          0          0          0          0
  1410:          0          0          0          1          0
  1415:          0          0          0          1          0
  1420:          0          0          0          0          0
  1425:          0          0          0          0          0
  1430:          0          0          0          0          0
  1435:          0          0          0          0          0
  1440:          0          0          0          0          0
  1445:          0          0          0          0          0
  1450:          0          0          0          0          0
  1455:          0          0          0          0          0
  1460:          0          0          0          0          0
  1465:          0          0          0          0          0
  1470:          0          0          0          0          0
  1475:          0          1          0          0          0
  1480:          0          0          0          0          0
  1485:          0          0          0          0          0
  1490:          0          0          0          0          0
  1495:          0          0          0          0          0
  1500:          0          0          0          0          0
  1505:          0          0          0          0          0
  1510:          0          0          0          0          0
  1515:          0          0          0          0          0
  1520:          1          1          0          0          0
  1525:          0          0          0          0          0
  1530:          0          0          0          0          0
  1535:          0          0          0          0          0
  1540:          0          0          0          0          0
  1545:          0          0          0          0          0
  1550:          0          0          0          0          0
  1555:          0          0          0          0          0
  1560:          0          0          0          0          0
  1565:          0          0          0          0          0
  1570:          1          0          0          0          0
  1575:          0          0          0          0          0
  1580:          0          0          0          0          0
  1585:          0          0          0          0          0
  1590:          0          0          0          0          0
  1595:          0          0          0          0          0
  1600:          1          0          0          0          0
  1605:          0          0          0          0          0
  1610:          0          0          0          0          0
  1615:          0          0          0          0          0
  1620:          0          0          0          0          0
  1625:          0          0          0          0          0
  1630:          0          0          0          0          0
  1635:          0          0          0          0          0
  1640:          0          0          0          0          0
  1645:          0          0          0          0          0
  1650:          0          0          0          1          0
  1655:          1          0          0          0          0
  1660:          0          0          0          0          0
  1665:          0          0          0          0          0
  1670:          0          0          0          0          0
  1675:          0          0          0          0          0
  1680:          0          0          0          0          0
  1685:          0          0          0          0          0
  1690:          0          0          0          0          0
  1695:          0          0          0          0          0
  1700:          0          0          0          0          0
  1705:          0          0          1          0          0
  1710:          0          0          0          0          0
  1715:          0          0          0          0          0
  1720:          0          0          0          0          0
  1725:          0          0          0          0          0
  1730:          0          0          0          1          0
  1735:          0          0          0          0          0
  1740:          0          0          0          0          0
  1745:          0          0          0          0          0
  1750:          0          0          0          0          0
  1755:          0          0          0          0          0
  1760:          0          0          0          0          0
  1765:          0          0          0          0          0
  1770:          0          0          0          0          0
  1775:          0          0          0          0          0
  1780:          1          0          0          0          0
  1785:          0          0          0          0          0
  1790:          0          0          0          0          0
  1795:          0          0          0          0          0
  1800:          0          0          0          0          0
  1805:          0          0          0          0          0
  1810:          0          0          0          0          0
  1815:          0          0          0          0          0
  1820:          0          0          0          0          0
  1825:          0          0          0          0          0
  1830:          0          0          0          0          0
  1835:          0          0          0          0          0
  1840:          0          0          0          1          0
  1845:          0          0          0          0          0
  1850:          0          0          0          0          0
  1855:          0          0          0          0          0
  1860:          0          0          0          0          0
  1865:          0          0          0          0          0
  1870:          0          0          0          0          0
  1875:          0          0          0          0          0
  1880:          0          0          0          0          0
  1885:          0          0          0          0          0
  1890:          0          0          0          0          0
  1895:          0          0          0          0          0
  1900:          0          1          0          0          0
  1905:          0          0          0          0          0
  1910:          0          0          0          0          0
  1915:          0          0          0          0          0
  1920:          0          0          0          0          0
  1925:          0          0          0          0          0
  1930:          0          0          0          0          0
  1935:          0          0          0          0          0
  1940:          0          0          0          0          0
  1945:          0          0          0          0          0
  1950:          0          0          0          0          0
  1955:          0          0          0          0          0
  1960:          0          0          0          0          0
  1965:          0          0          0          0          0
  1970:          0          0          0          0          0
  1975:          0          0          0          0          0
  1980:          0          0          0          0          0
  1985:          0          0          0          0          0
  1990:          0          0          0          0          0
  1995:          0          0          0          0          0
  2000:          0          0          0          0          0
  2005:          0          0          0          0          0
  2010:          0          0          0          0          0
  2015:          0          0          0          0          0
  2020:          0          0          0          0          0
  2025:          0          0          0          0          0
  2030:          0          0          0          0          0
  2035:          0          0          0          0          0
  2040:          0          0          0          0          0
  2045:          0          0          0
