ACQUISITION INFORMATION

Detector ID:  1
Detector description:
CNS-B-PMAD13521 926
Sample description:
K-40
Real Time:  65695.038532
Live Time:  65314.578540
Acquisition start date:  22Jun2023
Acquisition start time:  15:56:38
Starting channel number:   0
Number of channels:   2048


CALIBRATION INFORMATION

ENERGY CALIBRATION
Units:
Energy Fit:  0.000000E+000  1.972973E+000  0.000000E+000
FWHM Fit:  0.000000E+000  0.000000E+000  0.000000E+000
Efficiency Terms:  0.000000  0.000000  0.000000  0.000000  0.000000
  0.000000  0.000000  0.000000  0.000000  0.000000


SPECTRUM
     0:          0          0          0          0          0
     5:          0          0          0          0          0
    10:          0          0          0         35       7508
    15:      13768      16932      20140      22349      23815
    20:      23463      21943      19742      17232      15139
    25:      14034      12849      12369      12156      12203
    30:      12065      12331      12291      12766      13243
    35:      14172      15374      16541      17961      19177
    40:      20232      21278      21842      21807      21651
    45:      21448      20896      20553      19889      19178
    50:      18306      17550      16789      15712      15010
    55:      14762      13919      13588      13483      13403
    60:      13226      13021      12962      12911      12840
    65:      12847      12959      13149      12999      13165
    70:      13233      13323      13245      13437      13249
    75:      13422      13462      13475      13642      13296
    80:      13524      13396      13583      13560      13770
    85:      13709      13512      13518      13816      13813
    90:      13794      14076      13902      14113      14131
    95:      14333      14531      14664      14525      14681
   100:      14854      15040      15053      15556      15140
   105:      15492      15313      15035      15502      15422
   110:      15194      15448      15349      15438      15238
   115:      15399      15186      15228      15079      14812
   120:      14794      14942      14922      14825      14868
   125:      14448      14640      14595      14287      14641
   130:      14057      14463      13897      13980      13954
   135:      13911      13575      13515      13534      13255
   140:      13330      13127      13134      12959      12959
   145:      12797      12893      12869      12794      12552
   150:      12716      12524      12510      12197      12334
   155:      12299      12174      12044      12164      12231
   160:      12095      11944      11954      11859      11855
   165:      11884      11767      11842      11886      11794
   170:      11633      11591      11648      11667      11522
   175:      11335      11538      11438      11450      11376
   180:      11208      11277      11193      11167      11421
   185:      11343      11178      11183      11242      11124
   190:      11067      10977      11340      10907      11105
   195:      10960      10726      10888      10746      10864
   200:      10923      10739      10488      10664      10765
   205:      10598      10686      10611      10659      10285
   210:      10341      10529      10511      10450      10288
   215:      10159      10191      10007      10031       9955
   220:       9796       9716       9693       9752       9456
   225:       9353       9062       9112       9167       8934
   230:       8855       8750       8532       8563       8392
   235:       8335       8165       8067       7791       7758
   240:       7726       7721       7524       7357       7365
   245:       7227       7254       6925       7118       7160
   250:       6970       6850       6984       6905       6825
   255:       6788       6888       6697       6760       6667
   260:       6518       6451       6428       6565       6588
   265:       6462       6245       6261       6163       6191
   270:       6095       6036       5981       6054       5996
   275:       6014       5868       6047       5921       5967
   280:       5871       5945       5984       6069       6026
   285:       5939       6154       6175       6309       6393
   290:       6326       6829       6966       7129       7285
   295:       7460       7693       8114       8368       8813
   300:       8964       9428       9623      10248      11027
   305:      11634      12328      13015      13787      14563
   310:      15474      16462      17400      18392      19407
   315:      20773      22005      23061      24286      25479
   320:      26836      27682      28904      29989      31236
   325:      32380      32810      34182      34569      35560
   330:      35823      35891      36621      36046      36073
   335:      35492      35363      34441      33582      32355
   340:      31266      29874      28858      27657      25994
   345:      24750      23105      21412      20384      19024
   350:      17691      16016      14793      14094      12841
   355:      12025      11096      10179       9654       8681
   360:       8160       7518       7083       6602       5980
   365:       5694       5356       5209       4875       4561
   370:       4269       4013       3913       3727       3519
   375:       3402       3245       3134       3035       2978
   380:       2942       2815       2795       2722       2709
   385:       2530       2611       2550       2578       2414
   390:       2459       2434       2486       2573       2371
   395:       2374       2396       2368       2415       2394
   400:       2363       2372       2375       2289       2400
   405:       2343       2323       2324       2409       2293
   410:       2382       2306       2409       2391       2309
   415:       2254       2318       2330       2275       2312
   420:       2371       2296       2168       2285       2369
   425:       2279       2272       2279       2215       2319
   430:       2277       2208       2335       2285       2249
   435:       2224       2235       2253       2266       2307
   440:       2331       2255       2243       2210       2126
   445:       2339       2292       2218       2264       2257
   450:       2191       2277       2343       2235       2241
   455:       2276       2275       2232       2376       2231
   460:       2315       2313       2304       2289       2240
   465:       2309       2235       2186       2274       2271
   470:       2250       2191       2248       2339       2284
   475:       2246       2214       2298       2223       2230
   480:       2224       2260       2242       2188       2242
   485:       2263       2249       2187       2167       2190
   490:       2188       2175       2221       2085       2156
   495:       2111       2084       2095       2068       2023
   500:       2129       2051       1997       2037       2035
   505:       1992       1950       1969       1894       1918
   510:       1892       2055       2068       1922       1956
   515:       1969       1951       1938       1955       1941
   520:       1883       1933       1967       1928       1933
   525:       1908       1992       1876       1972       1872
   530:       1929       1861       1909       1826       1872
   535:       1880       1909       1945       1903       1923
   540:       1956       1881       1910       1932       1842
   545:       1985       1899       1910       1877       1858
   550:       1901       1921       1863       1886       1898
   555:       1877       1843       1857       1818       1898
   560:       1795       1836       1794       1838       1856
   565:       1739       1768       1890       1774       1800
   570:       1746       1791       1697       1763       1744
   575:       1727       1674       1716       1693       1666
   580:       1728       1727       1724       1673       1639
   585:       1685       1594       1626       1592       1716
   590:       1636       1542       1603       1528       1575
   595:       1587       1564       1606       1580       1505
   600:       1552       1485       1515       1564       1523
   605:       1510       1523       1451       1421       1554
   610:       1547       1442       1451       1398       1424
   615:       1536       1416       1461       1458       1407
   620:       1446       1492       1360       1466       1373
   625:       1411       1433       1394       1368       1348
   630:       1326       1391       1369       1305       1332
   635:       1232       1332       1357       1228       1336
   640:       1260       1260       1277       1221       1233
   645:       1228       1211       1226       1243       1201
   650:       1216       1240       1204       1243       1201
   655:       1236       1299       1260       1215       1261
   660:       1239       1319       1269       1318       1354
   665:       1361       1414       1427       1486       1448
   670:       1509       1537       1560       1614       1647
   675:       1671       1659       1658       1651       1797
   680:       1790       1933       1847       1981       2012
   685:       2056       2122       2140       2190       2272
   690:       2253       2264       2370       2360       2583
   695:       2531       2582       2616       2693       2810
   700:       2822       2858       2918       2958       2932
   705:       3028       2986       3056       3121       2959
   710:       3114       3083       3282       3224       3165
   715:       3131       3041       3147       3023       3134
   720:       2953       2994       2966       2860       2857
   725:       2747       2764       2673       2604       2562
   730:       2528       2485       2355       2312       2173
   735:       2065       1970       2026       2017       1885
   740:       1813       1665       1681       1639       1623
   745:       1457       1496       1391       1363       1354
   750:       1228       1193       1209       1177       1137
   755:       1023       1050       1004        985        999
   760:        987        942        846        895        862
   765:        836        831        834        759        752
   770:        682        698        703        669        696
   775:        641        622        660        626        620
   780:        601        580        572        644        514
   785:        533        545        513        467        480
   790:        481        487        476        442        435
   795:        430        436        419        413        399
   800:        417        422        393        375        348
   805:        414        375        385        371        345
   810:        382        369        376        375        366
   815:        357        372        367        328        372
   820:        350        350        364        361        355
   825:        339        382        353        368        337
   830:        364        340        343        341        374
   835:        337        351        369        421        368
   840:        399        370        380        377        356
   845:        369        341        381        370        384
   850:        359        339        368        376        344
   855:        360        418        383        355        403
   860:        342        344        405        337        383
   865:        372        336        330        349        368
   870:        341        330        350        342        376
   875:        347        323        315        386        348
   880:        298        318        357        294        300
   885:        294        296        290        284        305
   890:        309        277        284        284        312
   895:        274        270        280        283        306
   900:        268        286        277        290        251
   905:        239        257        280        249        243
   910:        231        278        261        260        264
   915:        283        249        251        239        204
   920:        236        249        266        244        243
   925:        228        263        243        219        234
   930:        227        210        204        216        214
   935:        198        194        193        235        233
   940:        197        225        210        198        230
   945:        193        219        187        243        216
   950:        197        231        191        203        184
   955:        196        169        186        178        168
   960:        192        196        218        178        178
   965:        171        172        198        218        206
   970:        183        191        187        172        188
   975:        184        186        204        165        175
   980:        209        197        186        179        196
   985:        161        185        209        180        184
   990:        206        181        194        184        220
   995:        215        202        178        213        180
  1000:        189        203        204        203        207
  1005:        204        200        177        201        218
  1010:        186        171        235        215        207
  1015:        197        180        215        194        211
  1020:        195        182        202        214        240
  1025:        209        206        195        223        213
  1030:        226        205        213        204        244
  1035:        201        218        219        224        210
  1040:        206        216        229        206        223
  1045:        208        218        245        230        215
  1050:        204        203        206        199        211
  1055:        213        200        209        207        208
  1060:        192        206        217        204        184
  1065:        211        216        223        199        203
  1070:        187        206        163        195        195
  1075:        172        205        169        220        187
  1080:        203        216        191        168        204
  1085:        201        199        180        208        194
  1090:        207        192        179        176        174
  1095:        177        170        136        178        168
  1100:        166        175        175        164        161
  1105:        159        186        154        161        147
  1110:        180        184        145        148        160
  1115:        134        154        160        163        170
  1120:        153        156        149        136        147
  1125:        130        151        126        140        143
  1130:        142        149        129        144        149
  1135:        128        131        158        120        153
  1140:        131        120        128        139        130
  1145:        137        127        118        121        129
  1150:        128        144        109        111        131
  1155:        122        120        107        112        113
  1160:        134        134        107        127        109
  1165:        110        124        125        122        118
  1170:        105        114        140        125        112
  1175:        129        124        123        114        112
  1180:        101        135        121        117        100
  1185:        120        126        128        158        134
  1190:        121        110        124        132        112
  1195:        137        113        125        111        111
  1200:        122        138        105        114        122
  1205:        127        122        126        137        132
  1210:        123        118        135        122        144
  1215:        123        150        128        133        107
  1220:        142        150        117        140        129
  1225:        128        155        154        140        147
  1230:        132        158        165        139        173
  1235:        147        146        159        144        174
  1240:        154        165        173        180        172
  1245:        159        176        196        184        204
  1250:        168        164        178        171        205
  1255:        172        205        210        192        170
  1260:        205        186        199        176        171
  1265:        186        173        190        183        174
  1270:        167        185        193        148        158
  1275:        164        158        164        182        158
  1280:        185        162        173        153        153
  1285:        138        154        165        158        153
  1290:        122        141        122        140        140
  1295:        132        115        127        117        114
  1300:        107        140        124        115        113
  1305:         94        122         98         98        101
  1310:        106         84         90        102        109
  1315:         81         82         82        109        101
  1320:         91         89         90         67         88
  1325:         78         69         71         85         89
  1330:         65         70         70         76         76
  1335:         59         95         73         52         73
  1340:         90         98         73         76         65
  1345:         63         62         68         72         91
  1350:         65         86         57         64         65
  1355:         64         73         76         66         54
  1360:         67         69         64         55         50
  1365:         57         67         73         50         50
  1370:         57         64         45         67         55
  1375:         50         47         59         44         58
  1380:         55         52         51         43         46
  1385:         62         57         57         37         41
  1390:         54         54         45         48         39
  1395:         54         46         50         37         45
  1400:         36         37         33         49         43
  1405:         36         38         36         47         35
  1410:         32         43         28         36         39
  1415:         31         36         39         27         35
  1420:         27         31         30         41         27
  1425:         39         34         44         27         39
  1430:         41         49         39         44         35
  1435:         37         38         42         31         35
  1440:         49         33         43         31         44
  1445:         25         31         37         46         36
  1450:         35         36         29         24         31
  1455:         28         33         30         43         36
  1460:         29         22         40         34         45
  1465:         27         31         31         30         26
  1470:         37         39         28         29         34
  1475:         28         33         35         41         43
  1480:         28         28         27         33         37
  1485:         32         23         25         27         33
  1490:         35         36         32         37         35
  1495:         31         40         34         29         31
  1500:         26         33         28         33         34
  1505:         40         24         16         34         19
  1510:         40         36         29         42         27
  1515:         29         32         27         28         33
  1520:         31         42         30         33         30
  1525:         33         34         26         34         30
  1530:         39         25         30         23         35
  1535:         35         36         30         41         34
  1540:         26         35         44         28         29
  1545:         36         43         34         29         26
  1550:         31         35         28         29         30
  1555:         21         33         38         32         23
  1560:         43         24         29         36         31
  1565:         44         43         36         31         33
  1570:         29         34         43         39         31
  1575:         37         35         40         25         26
  1580:         42         33         25         33         30
  1585:         32         35         28         34         42
  1590:         30         37         39         33         31
  1595:         29         34         28         43         29
  1600:         44         42         30         34         26
  1605:         18         32         36         35         31
  1610:         39         30         28         36         30
  1615:         37         27         33         40         32
  1620:         29         39         24         47         30
  1625:         28         35         42         35         30
  1630:         33         41         37         31         35
  1635:         32         38         35         31         27
  1640:         27         28         38         30         33
  1645:         42         29         34         35         33
  1650:         38         32         35         33         33
  1655:         36         40         32         27         30
  1660:         31         30         32         26         33
  1665:         35         34         28         41         35
  1670:         33         19         35         33         36
  1675:         45         26         24         34         48
  1680:         32         32         32         30         27
  1685:         41         35         28         38         31
  1690:         27         21         20         30         33
  1695:         32         38         34         21         32
  1700:         22         38         30         25         25
  1705:         37         31         24         20         30
  1710:         24         36         39         35         31
  1715:         31         31         31         31         31
  1720:         37         33         24         23         27
  1725:         29         25         24         27         25
  1730:         36         39         26         25         30
  1735:         30         30         35         24         32
  1740:         39         35         35         22         34
  1745:         32         38         35         23         25
  1750:         36         39         27         25         22
  1755:         40         33         29         35         29
  1760:         33         42         31         30         42
  1765:         41         35         39         31         29
  1770:         21         27         35         30         28
  1775:         29         31         26         36         30
  1780:         33         23         42         24         32
  1785:         32         33         33         25         31
  1790:         34         35         37         31         30
  1795:         29         37         38         30         25
  1800:         25         25         31         40         30
  1805:         24         40         38         30         42
  1810:         29         29         24         37         30
  1815:         23         25         31         28         26
  1820:         30         32         24         26         32
  1825:         17         35         38         31         23
  1830:         31         15         26         26         30
  1835:         28         33         30         38         46
  1840:         37         29         31         36         36
  1845:         25         31         36         38         31
  1850:         32         35         31         35         29
  1855:         31         38         31         36         24
  1860:         33         44         21         39         30
  1865:         38         36         36         33         43
  1870:         35         32         38         30         38
  1875:         35         33         32         38         30
  1880:         32         27         21         37         33
  1885:         28         37         36         28         44
  1890:         22         28         33         27         18
  1895:         32         42         38         35         28
  1900:         38         34         31         34         30
  1905:         37         26         28         30         26
  1910:         39         22         30         25         25
  1915:         33         33         23         40         28
  1920:         25         24         26         20         22
  1925:         22         31         33         32         33
  1930:         23         27         33         33         37
  1935:         41         21         23         27         28
  1940:         27         26         22         24         19
  1945:         22         24         20         21         21
  1950:         26         27         18         23         23
  1955:         28         28         15         20         21
  1960:         22         24         28         24         33
  1965:         22         24         24         31         23
  1970:         34         23         21         16         27
  1975:         31         23         18         34         29
  1980:         31         26         20         21         20
  1985:         32         21         24         20         23
  1990:         20         15         18         27         21
  1995:         22         17         32         29         21
  2000:         24         43        161        169        161
  2005:        153        130        143        149        153
  2010:        167        151        156        153        146
  2015:        146        144        139        123        136
  2020:        161        133        116        148        151
  2025:        144        147        127        151        142
  2030:        129        130        135        116        138
  2035:        130        109        143        125        130
  2040:        113        135        106        122        107
  2045:        101        119        103
