ACQUISITION INFORMATION

Detector ID:  1
Detector description:
CNS-B-PMAD13521 926
Sample description:
Mn-54
Real Time:  217.899995
Live Time:  215.819995
Acquisition start date:  20Jun2023
Acquisition start time:  14:46:40
Starting channel number:   0
Number of channels:   2048


CALIBRATION INFORMATION

ENERGY CALIBRATION
Units:
Energy Fit:  0.000000E+000  1.972973E+000  0.000000E+000
FWHM Fit:  0.000000E+000  0.000000E+000  0.000000E+000
Efficiency Terms:  0.000000  0.000000  0.000000  0.000000  0.000000
  0.000000  0.000000  0.000000  0.000000  0.000000


SPECTRUM
     0:          0          0          0          0          0
     5:          0          0          0          0          0
    10:          0          0          0         15        112
    15:         67         78         90         89        111
    20:         93        113         85         88         75
    25:         48         54         56         51         47
    30:         56         52         37         70         47
    35:         57         63         69         75         61
    40:         78         94         89         92         98
    45:         78         85         94         91         77
    50:         74         80         61         71         86
    55:         55         56         42         46         62
    60:         49         43         41         50         50
    65:         46         45         53         47         42
    70:         50         45         48         49         56
    75:         57         48         44         49         47
    80:         48         48         53         60         47
    85:         38         67         51         47         42
    90:         52         54         61         50         52
    95:         50         54         42         57         57
   100:         56         56         55         42         52
   105:         59         51         72         59         57
   110:         55         53         62         46         68
   115:         69         60         73         53         71
   120:         79         76         47         50         83
   125:         72         63         66         47         67
   130:         62         54         68         63         58
   135:         56         57         63         78         71
   140:         71         50         71         63         60
   145:         55         55         71         52         47
   150:         60         50         57         56         57
   155:         49         43         51         50         53
   160:         55         54         48         40         58
   165:         53         41         63         54         55
   170:         58         45         50         44         58
   175:         57         66         43         54         57
   180:         51         47         46         71         45
   185:         52         54         31         48         58
   190:         40         51         65         56         44
   195:         59         55         48         51         51
   200:         63         42         56         41         54
   205:         45         43         48         42         58
   210:         38         47         51         57         51
   215:         66         57         50         50         35
   220:         53         42         59         48         41
   225:         39         38         44         47         41
   230:         44         49         43         50         41
   235:         47         30         41         28         34
   240:         41         38         48         30         41
   245:         39         42         41         43         37
   250:         40         25         40         41         45
   255:         26         38         27         31         48
   260:         43         32         33         20         29
   265:         36         30         31         32         22
   270:         31         33         44         27         35
   275:         43         29         30         29         26
   280:         25         24         27         18         30
   285:         30         29         26         35         36
   290:         25         35         33         34         22
   295:         32         40         44         34         27
   300:         39         32         38         41         51
   305:         45         54         37         56         61
   310:         70         60         44         60         73
   315:         77         79         79         82        108
   320:        110         99         84        122        131
   325:        114        137        150        149        151
   330:        171        162        151        174        184
   335:        133        161        174        170        124
   340:        168        156        133        141        142
   345:        138        121        117        119         98
   350:        107         85        101         86         90
   355:         75         64         67         63         38
   360:         54         46         36         37         29
   365:         22         27         24         26         15
   370:         11         19         25         20         17
   375:         13         10         21         26         11
   380:         12         21         13         18         16
   385:         14         22         20         20         19
   390:         25         27         23         19         31
   395:         26         35         21         25         34
   400:         27         38         47         43         38
   405:         39         46         38         60         67
   410:         54         55         66         51         50
   415:         54         55         42         64         71
   420:         53         57         71         51         46
   425:         87         57         61         56         52
   430:         51         58         60         52         42
   435:         51         43         40         36         32
   440:         43         28         30         37         24
   445:         28         20         26         19         20
   450:         19         13         20         23         18
   455:         19          9         16         10          4
   460:         11         11          5          9          4
   465:          6         13          8          9         10
   470:          6          4          8          6          5
   475:          5          7          4          7          7
   480:          2          5          6          5          6
   485:          8          6          6          3          4
   490:          6          5          5          4          5
   495:          6          2          4          2          4
   500:          5          5          5          5          3
   505:          4          3          7          2          7
   510:          4          3          7          4          5
   515:          9          6          0          5          4
   520:          3          3          3          3          2
   525:          3          3          4          4          5
   530:          4          4          0          1          4
   535:          8          2          7          1          4
   540:          4          1          2          3          2
   545:          4          3          2          2          3
   550:          5          3          3          2          3
   555:          1          4          0          2          5
   560:          2          4          1          4          5
   565:          5          2          2          3          2
   570:          5          4          3          1          7
   575:          3          0          5          5          5
   580:          2          4          1          4          2
   585:          0          4          4          3          5
   590:          7          1          3          6          1
   595:          2          4          6          3          2
   600:          4          6          5          3          8
   605:          4          2          2          6          7
   610:          6          4          4          3          7
   615:          1          1          0          1          2
   620:          4          3          5          3          5
   625:          1          2          3          3          3
   630:          2          5          1          1          2
   635:          3          2          7          5          0
   640:          2          5          2          3          5
   645:          2          2          5          1          3
   650:          2          3          1          2          3
   655:          0          3          3          3          7
   660:          3          7          2          3          1
   665:          4          1          1          4          3
   670:          3          0          2          3          3
   675:          7          4          6          3          3
   680:          3          4          3          4          0
   685:          2          1          1          4          0
   690:          1          4          2          4          2
   695:          1          1          5          6          2
   700:          5          6          8          4          1
   705:          3          3          3          4          2
   710:          1          6          5          3          3
   715:          4          7          1          3          6
   720:          2          4          5          8          4
   725:          1          3          5          5          2
   730:          0          3          3          0          2
   735:          3          2          1          2          1
   740:          4          2          1          3          1
   745:          5          1          3          4          1
   750:          3          4          3          2          2
   755:          3          4          2          2          3
   760:          1          1          2          3          1
   765:          1          3          3          0          2
   770:          3          1          4          1          1
   775:          1          1          3          1          1
   780:          0          1          2          2          1
   785:          3          0          2          0          2
   790:          0          3          1          1          4
   795:          2          1          1          0          0
   800:          0          0          1          1          2
   805:          1          4          1          1          3
   810:          0          1          1          1          1
   815:          0          0          2          1          1
   820:          0          0          3          1          2
   825:          0          0          1          1          1
   830:          0          1          3          0          0
   835:          0          1          0          1          0
   840:          0          0          1          3          1
   845:          1          0          0          1          0
   850:          2          0          3          2          0
   855:          1          0          0          0          1
   860:          1          2          2          0          0
   865:          1          1          1          1          0
   870:          0          0          2          1          3
   875:          0          1          4          0          1
   880:          2          1          0          1          2
   885:          0          1          0          1          1
   890:          1          0          0          0          0
   895:          0          2          0          1          0
   900:          0          3          2          2          0
   905:          3          0          1          3          0
   910:          1          2          3          0          1
   915:          0          0          0          0          0
   920:          2          0          0          2          0
   925:          1          0          1          0          0
   930:          0          0          1          1          0
   935:          0          1          0          1          0
   940:          0          2          1          0          1
   945:          0          0          1          1          0
   950:          1          1          1          1          0
   955:          0          0          2          0          1
   960:          1          2          0          0          0
   965:          1          0          1          0          1
   970:          1          1          1          0          1
   975:          1          1          0          1          2
   980:          1          1          0          0          1
   985:          0          0          1          0          0
   990:          0          0          1          0          0
   995:          0          0          1          1          1
  1000:          1          0          2          1          1
  1005:          0          0          1          0          0
  1010:          3          2          1          0          0
  1015:          1          2          0          0          0
  1020:          1          0          0          0          0
  1025:          1          1          1          0          1
  1030:          3          0          0          1          0
  1035:          0          0          1          0          1
  1040:          1          2          2          1          1
  1045:          0          0          1          0          1
  1050:          0          0          0          0          0
  1055:          0          1          0          0          0
  1060:          0          1          1          1          0
  1065:          0          0          1          0          0
  1070:          0          0          1          1          0
  1075:          1          0          0          2          0
  1080:          0          0          2          0          0
  1085:          1          1          0          0          1
  1090:          0          0          1          0          0
  1095:          1          0          0          0          0
  1100:          1          1          2          0          0
  1105:          0          0          0          0          0
  1110:          0          0          2          0          0
  1115:          0          0          0          0          0
  1120:          1          0          0          0          0
  1125:          0          0          2          0          0
  1130:          2          0          1          1          0
  1135:          0          0          0          0          0
  1140:          1          1          1          0          0
  1145:          0          0          1          1          1
  1150:          1          0          1          1          1
  1155:          0          0          0          1          0
  1160:          0          0          0          0          0
  1165:          0          1          0          0          0
  1170:          1          2          0          0          0
  1175:          1          0          0          0          0
  1180:          0          0          0          1          1
  1185:          0          1          0          0          0
  1190:          0          0          2          1          0
  1195:          0          1          0          0          1
  1200:          1          0          0          1          0
  1205:          1          1          0          1          1
  1210:          0          0          0          0          0
  1215:          0          0          0          1          0
  1220:          1          0          0          1          1
  1225:          0          1          0          0          0
  1230:          0          1          2          1          0
  1235:          1          0          0          2          0
  1240:          0          0          0          1          2
  1245:          0          0          0          0          1
  1250:          1          0          0          1          0
  1255:          0          0          0          0          2
  1260:          0          0          0          0          0
  1265:          1          2          0          0          1
  1270:          0          1          0          1          0
  1275:          0          0          1          0          2
  1280:          0          0          1          1          0
  1285:          0          1          0          0          0
  1290:          2          1          1          3          0
  1295:          0          1          0          0          0
  1300:          0          0          0          2          0
  1305:          0          0          0          0          0
  1310:          2          0          0          0          0
  1315:          1          0          0          0          1
  1320:          0          0          0          0          1
  1325:          0          0          1          0          1
  1330:          0          0          1          0          0
  1335:          0          0          0          0          0
  1340:          0          0          0          1          0
  1345:          0          0          0          1          1
  1350:          0          0          0          0          0
  1355:          0          0          0          0          1
  1360:          0          0          0          0          0
  1365:          0          0          0          0          0
  1370:          0          2          0          0          0
  1375:          1          0          1          0          0
  1380:          0          0          0          1          1
  1385:          0          0          0          1          0
  1390:          0          0          0          0          1
  1395:          0          0          0          0          0
  1400:          0          0          0          0          0
  1405:          0          0          0          0          1
  1410:          0          0          0          0          0
  1415:          0          0          0          0          0
  1420:          0          0          0          0          0
  1425:          0          0          0          0          0
  1430:          0          0          0          0          0
  1435:          0          0          0          0          0
  1440:          0          0          0          0          0
  1445:          0          0          0          0          0
  1450:          0          1          0          0          0
  1455:          0          0          1          0          0
  1460:          0          0          0          0          0
  1465:          0          0          0          0          0
  1470:          0          0          0          0          0
  1475:          0          0          0          0          0
  1480:          0          1          0          0          0
  1485:          0          0          0          0          0
  1490:          0          0          0          0          0
  1495:          0          0          0          0          0
  1500:          0          0          1          0          1
  1505:          0          0          0          0          0
  1510:          0          0          0          0          0
  1515:          0          0          0          0          0
  1520:          0          0          0          0          0
  1525:          0          0          0          0          0
  1530:          0          0          0          0          0
  1535:          0          0          0          0          0
  1540:          0          0          0          0          0
  1545:          0          0          0          0          0
  1550:          0          0          0          0          0
  1555:          0          0          0          0          0
  1560:          0          0          0          0          0
  1565:          0          0          0          0          0
  1570:          1          0          0          0          0
  1575:          0          1          0          0          0
  1580:          0          0          0          0          0
  1585:          0          0          0          0          0
  1590:          0          1          1          0          0
  1595:          0          1          0          0          0
  1600:          0          0          0          0          0
  1605:          0          0          0          0          0
  1610:          0          0          0          0          0
  1615:          0          0          0          0          0
  1620:          0          0          0          0          0
  1625:          0          0          0          0          0
  1630:          0          0          0          1          1
  1635:          0          0          0          1          0
  1640:          0          0          0          0          0
  1645:          0          0          0          0          0
  1650:          1          0          0          0          0
  1655:          0          0          1          0          0
  1660:          0          0          0          1          1
  1665:          0          0          0          0          0
  1670:          0          0          0          0          0
  1675:          0          0          0          0          0
  1680:          0          0          0          1          0
  1685:          0          0          0          0          0
  1690:          1          0          0          0          0
  1695:          0          0          0          0          0
  1700:          0          0          0          0          0
  1705:          0          0          0          0          0
  1710:          0          0          1          0          0
  1715:          0          0          1          0          0
  1720:          0          0          0          0          0
  1725:          1          0          0          0          0
  1730:          0          0          1          0          0
  1735:          0          0          0          0          0
  1740:          0          0          0          0          0
  1745:          0          0          0          0          0
  1750:          0          1          0          0          0
  1755:          0          0          0          0          0
  1760:          0          0          0          0          0
  1765:          0          0          0          0          0
  1770:          0          0          0          0          0
  1775:          0          0          0          0          0
  1780:          0          0          0          0          0
  1785:          0          0          1          0          0
  1790:          0          0          0          0          0
  1795:          0          0          0          0          0
  1800:          0          0          0          0          0
  1805:          0          0          0          0          0
  1810:          0          0          0          0          0
  1815:          0          0          0          0          0
  1820:          0          0          0          0          0
  1825:          0          0          0          0          0
  1830:          1          0          0          0          0
  1835:          1          0          0          0          0
  1840:          0          0          0          0          0
  1845:          0          0          0          0          0
  1850:          0          0          0          0          0
  1855:          0          0          0          0          0
  1860:          0          0          0          0          0
  1865:          0          0          0          0          0
  1870:          0          0          0          0          0
  1875:          0          0          0          0          0
  1880:          0          0          0          0          0
  1885:          0          0          0          0          0
  1890:          0          0          0          0          0
  1895:          1          0          0          0          0
  1900:          0          0          0          0          0
  1905:          0          0          1          0          1
  1910:          0          0          1          0          1
  1915:          1          0          1          0          0
  1920:          2          0          1          0          0
  1925:          0          0          0          0          0
  1930:          0          0          0          0          0
  1935:          0          0          0          0          0
  1940:          0          0          0          0          0
  1945:          0          0          0          0          0
  1950:          0          0          0          0          0
  1955:          0          0          0          0          0
  1960:          0          0          0          0          0
  1965:          0          0          0          0          0
  1970:          0          0          0          0          0
  1975:          0          0          1          0          1
  1980:          0          0          0          0          0
  1985:          0          0          0          0          0
  1990:          0          0          0          0          0
  1995:          0          0          0          0          0
  2000:          0          0          0          0          0
  2005:          1          1          0          0          0
  2010:          1          0          1          0          1
  2015:          1          1          0          1          0
  2020:          2          1          1          1          0
  2025:          0          0          0          1          0
  2030:          0          0          0          1          0
  2035:          0          0          0          1          0
  2040:          0          0          0          0          0
  2045:          0          0          0
