ACQUISITION INFORMATION

Detector ID:  1
Detector description:
CNS-B-PMAD13521 926
Sample description:
Na-22
Real Time:  434.079990
Live Time:  410.999991
Acquisition start date:  22Jun2023
Acquisition start time:  14:25:38
Starting channel number:   0
Number of channels:   2048


CALIBRATION INFORMATION

ENERGY CALIBRATION
Units:
Energy Fit:  0.000000E+000  1.972973E+000  0.000000E+000
FWHM Fit:  0.000000E+000  0.000000E+000  0.000000E+000
Efficiency Terms:  0.000000  0.000000  0.000000  0.000000  0.000000
  0.000000  0.000000  0.000000  0.000000  0.000000


SPECTRUM
     0:          0          0          0          0          0
     5:          0          0          0          0          0
    10:          0          0          0         10       1088
    15:       1724       1868       1879       1902       1902
    20:       1867       1951       1821       1915       1919
    25:       1931       1985       1948       1901       1880
    30:       1888       1850       1961       2016       2074
    35:       2173       2422       2550       2765       3142
    40:       3380       3637       3786       3827       3829
    45:       3847       3743       3605       3491       3166
    50:       3077       2830       2604       2441       2158
    55:       2055       1955       1857       1806       1765
    60:       1707       1666       1600       1535       1594
    65:       1549       1659       1579       1509       1493
    70:       1630       1557       1533       1614       1598
    75:       1632       1560       1633       1633       1622
    80:       1643       1619       1658       1749       1657
    85:       1717       1694       1753       1755       1747
    90:       1845       1848       1869       2011       2003
    95:       1918       2035       2036       1946       2018
   100:       2064       2084       2090       2193       2156
   105:       2235       2167       2177       2281       2257
   110:       2295       2197       2269       2321       2384
   115:       2332       2321       2354       2370       2242
   120:       2333       2295       2253       2247       2237
   125:       2313       2233       2285       2413       2290
   130:       2189       2254       2289       2245       2293
   135:       2204       2175       2243       2225       2122
   140:       2147       2184       2188       2149       2254
   145:       2191       2126       2116       2110       2085
   150:       2131       2097       2095       2117       2082
   155:       2084       1962       2015       1931       1993
   160:       1962       1950       1857       1823       1830
   165:       1835       1719       1810       1728       1626
   170:       1624       1622       1598       1532       1434
   175:       1416       1456       1370       1394       1311
   180:       1254       1274       1261       1200       1156
   185:       1141       1161       1180       1102       1128
   190:       1046       1072       1019        921        928
   195:       1036       1034        955        999        878
   200:        904        858        946        923        868
   205:        960        907        897        900        886
   210:        905        990        926        921        948
   215:       1009        987       1019       1029       1156
   220:       1083       1169       1200       1213       1289
   225:       1432       1407       1534       1567       1686
   230:       1760       1953       2188       2245       2425
   235:       2688       2850       3188       3418       3590
   240:       4077       4291       4708       5024       5356
   245:       5727       6225       6631       7152       7420
   250:       7848       8340       8784       9072       9372
   255:       9675       9758       9927      10120      10004
   260:       9868       9784       9650       9381       9349
   265:       8954       8336       7854       7498       7071
   270:       6691       5988       5802       5168       4826
   275:       4362       3907       3587       3123       2974
   280:       2652       2378       2114       1935       1826
   285:       1534       1413       1324       1197       1090
   290:       1019        934        918        829        769
   295:        741        715        711        677        672
   300:        630        593        630        578        600
   305:        597        577        557        598        578
   310:        589        636        570        565        604
   315:        571        556        555        570        554
   320:        616        611        620        658        649
   325:        619        643        640        639        642
   330:        639        686        622        664        650
   335:        625        643        618        612        629
   340:        631        605        569        588        568
   345:        588        570        530        531        522
   350:        560        506        467        511        494
   355:        471        484        527        484        473
   360:        455        486        459        450        434
   365:        474        460        453        466        400
   370:        431        449        427        462        404
   375:        446        433        414        383        433
   380:        417        410        450        434        452
   385:        409        431        409        435        403
   390:        420        426        427        462        397
   395:        430        418        433        399        402
   400:        415        421        434        424        399
   405:        432        435        381        447        398
   410:        485        406        417        385        426
   415:        388        431        409        427        410
   420:        429        404        436        387        406
   425:        413        381        396        447        405
   430:        404        440        417        406        386
   435:        428        403        388        413        433
   440:        371        395        442        382        385
   445:        419        424        424        398        424
   450:        394        457        383        446        404
   455:        399        392        406        415        404
   460:        390        399        439        424        378
   465:        388        413        386        406        398
   470:        427        417        417        410        416
   475:        424        439        371        416        374
   480:        395        386        405        385        369
   485:        379        388        399        392        396
   490:        378        355        374        360        375
   495:        353        365        401        347        358
   500:        341        324        367        333        347
   505:        336        320        308        352        339
   510:        331        320        293        304        314
   515:        278        361        300        269        277
   520:        304        276        295        280        271
   525:        290        266        271        268        249
   530:        214        271        261        219        239
   535:        241        216        249        249        211
   540:        237        213        225        199        216
   545:        223        219        219        218        251
   550:        194        204        216        194        218
   555:        223        227        201        218        220
   560:        213        238        215        221        213
   565:        222        252        269        271        259
   570:        248        280        284        286        263
   575:        292        290        344        316        315
   580:        332        369        399        372        417
   585:        392        408        497        455        460
   590:        531        534        540        579        589
   595:        625        656        661        676        690
   600:        754        735        828        771        784
   605:        825        948        888        931        963
   610:       1044       1045       1073       1052       1122
   615:       1092       1058       1113       1142       1148
   620:       1227       1126       1173       1243       1133
   625:       1152       1220       1166       1144       1125
   630:       1128       1116       1114       1117       1103
   635:       1072       1034        972        938        905
   640:        888        901        816        833        815
   645:        751        748        695        676        664
   650:        619        590        574        568        531
   655:        531        485        478        436        453
   660:        415        395        374        361        360
   665:        356        356        317        339        304
   670:        314        265        263        250        241
   675:        255        259        237        222        211
   680:        227        202        212        224        211
   685:        220        197        174        181        180
   690:        167        166        157        185        194
   695:        175        142        152        146        162
   700:        151        154        148        145        124
   705:        139        133        140        134        150
   710:        127        132        126        123        130
   715:        141        141        123        153        146
   720:        133        125        135        132        145
   725:        126        134        109        107        116
   730:        122        128        138        142        121
   735:        130        154        106        119        147
   740:        121        142        125        116        116
   745:        111        115        120        114        128
   750:        120        127        106         97        118
   755:        103         90        101        109         92
   760:        102         98         96        101         92
   765:         82        101        100         74        117
   770:        101         82         91        103         97
   775:         99         78         87         80        103
   780:         73         78         82         81         98
   785:         90         74         73         65         67
   790:         71         76         70         58         77
   795:         76         68         75         67         73
   800:         74         68         51         62         67
   805:         57         59         74         58         57
   810:         62         64         57         58         83
   815:         72         69         56         56         72
   820:         48         81         67         73         65
   825:         81         65         75         76         75
   830:         78         73         80         71         90
   835:         73         83         88         92        118
   840:        108         88        103         86        108
   845:        120         95        119        132        112
   850:        118        128        121        138        139
   855:        159        146        133        156        147
   860:        150        149        163        178        163
   865:        171        172        152        160        181
   870:        165        177        186        179        194
   875:        212        147        183        192        174
   880:        171        201        185        166        189
   885:        168        149        165        171        170
   890:        153        144        127        151        154
   895:        124        112        142        137        120
   900:        104        129        110        101        108
   905:        118         93         88        115         86
   910:         85         71         74         51         65
   915:         53         53         66         63         67
   920:         52         44         41         57         43
   925:         41         36         35         31         35
   930:         25         22         40         31         24
   935:         17         23         22         17         13
   940:         17         17         14         14         13
   945:         10         12         11          9          9
   950:         17         11         13         10          4
   955:          9          8          9          4         13
   960:         15         11          6         14          7
   965:          6          3         11         10          4
   970:          8          6          6          8         13
   975:          2          2          4          5         11
   980:          0          5          6          4          4
   985:          4          1          4          2          7
   990:          7          6          2          1          7
   995:          2          5          6          1          0
  1000:          1          2          2          4          2
  1005:          3          1          4          1          0
  1010:          0          3          4          3          5
  1015:          1          5          2          2          3
  1020:          3          3          0          3          1
  1025:          2          1          2          1          4
  1030:          2          5          2          2          2
  1035:          2          2          2          1          3
  1040:          2          2          2          5          0
  1045:          1          3          0          1          2
  1050:          2          3          2          4          0
  1055:          4          1          2          3          1
  1060:          2          2          2          2          0
  1065:          2          5          4          2          1
  1070:          6          1          4          2          4
  1075:          2          2          1          2          2
  1080:          3          1          1          3          2
  1085:          2          5          5          4          2
  1090:          2          1          2          2          2
  1095:          4          3          0          2          1
  1100:          1          3          0          1          1
  1105:          2          5          1          4          2
  1110:          0          2          2          2          1
  1115:          0          3          2          1          0
  1120:          2          0          1          3          0
  1125:          2          2          1          0          4
  1130:          2          0          0          0          0
  1135:          1          3          0          0          1
  1140:          1          2          1          2          2
  1145:          0          0          4          3          0
  1150:          3          0          1          3          0
  1155:          3          2          1          2          0
  1160:          0          0          2          2          1
  1165:          0          0          0          1          0
  1170:          1          1          0          0          2
  1175:          3          0          1          3          0
  1180:          1          0          1          1          1
  1185:          0          2          0          1          2
  1190:          1          3          2          0          0
  1195:          0          1          2          0          0
  1200:          0          0          0          1          1
  1205:          3          0          1          0          1
  1210:          1          0          1          0          1
  1215:          2          0          2          1          1
  1220:          1          1          1          2          2
  1225:          0          1          2          0          2
  1230:          2          0          3          1          1
  1235:          2          3          2          3          1
  1240:          2          3          1          1          1
  1245:          0          0          3          1          1
  1250:          0          1          2          1          0
  1255:          1          3          5          4          1
  1260:          2          2          0          1          1
  1265:          0          1          1          2          2
  1270:          0          1          2          0          0
  1275:          0          4          1          2          0
  1280:          0          0          1          3          1
  1285:          4          2          1          0          1
  1290:          1          0          2          0          1
  1295:          0          0          2          3          1
  1300:          0          0          1          0          1
  1305:          1          0          2          2          1
  1310:          1          0          2          0          0
  1315:          0          2          0          3          2
  1320:          0          1          2          0          2
  1325:          0          0          0          1          2
  1330:          1          0          0          0          3
  1335:          0          0          1          0          0
  1340:          0          0          1          1          0
  1345:          0          0          1          0          1
  1350:          0          1          1          0          0
  1355:          0          0          0          0          0
  1360:          0          1          0          0          1
  1365:          0          0          2          1          0
  1370:          0          1          0          0          0
  1375:          0          2          0          1          0
  1380:          0          1          0          1          2
  1385:          0          0          0          0          0
  1390:          0          1          0          0          0
  1395:          0          1          0          2          1
  1400:          1          1          0          1          0
  1405:          0          0          0          0          2
  1410:          0          0          1          0          0
  1415:          0          0          0          1          0
  1420:          2          2          1          0          0
  1425:          0          0          0          1          0
  1430:          0          0          0          0          0
  1435:          0          0          0          0          0
  1440:          1          0          0          0          1
  1445:          0          0          2          0          3
  1450:          0          2          0          0          0
  1455:          0          1          0          0          1
  1460:          1          0          0          0          1
  1465:          0          0          0          0          0
  1470:          0          0          1          1          1
  1475:          0          0          0          0          0
  1480:          0          0          1          0          0
  1485:          0          0          0          0          0
  1490:          0          1          0          0          1
  1495:          0          0          0          0          0
  1500:          0          0          0          0          0
  1505:          0          0          0          0          0
  1510:          0          0          0          0          0
  1515:          0          0          0          0          0
  1520:          0          0          1          0          0
  1525:          0          1          0          0          0
  1530:          0          0          2          0          3
  1535:          0          0          1          0          0
  1540:          0          0          0          0          0
  1545:          0          1          1          1          0
  1550:          0          0          0          0          0
  1555:          0          0          0          0          0
  1560:          0          1          0          0          0
  1565:          0          1          1          1          0
  1570:          0          0          0          0          0
  1575:          0          0          0          0          0
  1580:          0          0          1          0          0
  1585:          0          1          1          0          0
  1590:          0          0          0          0          0
  1595:          0          0          0          0          0
  1600:          0          0          1          0          0
  1605:          0          1          1          0          0
  1610:          0          0          0          0          0
  1615:          0          0          0          0          0
  1620:          1          0          2          0          0
  1625:          0          1          0          1          0
  1630:          0          0          0          0          0
  1635:          0          1          0          1          1
  1640:          0          0          0          0          0
  1645:          0          0          0          0          0
  1650:          0          0          0          0          0
  1655:          0          0          0          0          0
  1660:          0          0          1          0          0
  1665:          0          0          0          1          0
  1670:          0          0          0          0          0
  1675:          0          0          0          0          0
  1680:          1          0          0          0          0
  1685:          0          0          0          0          0
  1690:          0          0          0          0          0
  1695:          0          0          0          0          0
  1700:          0          0          0          0          0
  1705:          0          0          1          0          0
  1710:          1          0          0          0          0
  1715:          1          0          0          0          1
  1720:          1          0          1          0          0
  1725:          1          0          0          1          0
  1730:          0          0          1          0          0
  1735:          0          0          0          0          1
  1740:          0          0          0          0          0
  1745:          0          0          1          0          0
  1750:          0          0          0          0          0
  1755:          0          0          0          0          0
  1760:          0          0          0          0          0
  1765:          0          0          0          0          0
  1770:          0          0          0          0          0
  1775:          0          0          0          0          1
  1780:          0          0          0          0          0
  1785:          0          0          0          0          0
  1790:          0          0          0          0          0
  1795:          0          0          0          0          0
  1800:          0          0          0          0          0
  1805:          0          0          0          0          0
  1810:          0          0          0          0          0
  1815:          1          0          0          0          0
  1820:          0          0          0          0          0
  1825:          0          0          0          1          0
  1830:          0          0          0          0          0
  1835:          2          0          0          0          1
  1840:          0          0          1          0          0
  1845:          0          0          0          0          0
  1850:          0          1          0          0          0
  1855:          0          0          0          1          0
  1860:          0          0          0          0          0
  1865:          0          0          0          0          1
  1870:          0          0          0          0          0
  1875:          0          0          0          0          0
  1880:          0          0          0          0          0
  1885:          0          0          0          1          0
  1890:          0          0          0          0          0
  1895:          0          0          1          0          1
  1900:          0          0          0          0          0
  1905:          2          1          0          0          0
  1910:          1          0          0          0          0
  1915:          1          0          0          0          0
  1920:          0          0          0          1          0
  1925:          0          0          0          0          0
  1930:          0          0          0          0          0
  1935:          0          0          0          0          0
  1940:          0          0          1          0          0
  1945:          0          0          0          0          0
  1950:          0          0          0          0          0
  1955:          0          0          0          0          0
  1960:          0          1          0          0          0
  1965:          0          0          0          0          0
  1970:          0          0          0          0          0
  1975:          0          0          0          0          0
  1980:          0          0          0          0          0
  1985:          0          1          0          0          0
  1990:          0          0          0          0          0
  1995:          0          0          0          0          0
  2000:          0          0          1          0          3
  2005:          0          0          0          1          1
  2010:          2          0          0          0          0
  2015:          1          1          0          1          1
  2020:          0          1          2          1          1
  2025:          0          0          1          1          0
  2030:          1          0          0          0          1
  2035:          1          0          0          2          0
  2040:          0          0          0          0          2
  2045:          1          0          0
