ACQUISITION INFORMATION

Detector ID:  1
Detector description:
CNS-B-PMAD13521 926
Sample description:
Zn-65
Real Time:  615.879986
Live Time:  604.499986
Acquisition start date:  20Jun2023
Acquisition start time:  15:07:21
Starting channel number:   0
Number of channels:   2048


CALIBRATION INFORMATION

ENERGY CALIBRATION
Units:
Energy Fit:  0.000000E+000  1.972973E+000  0.000000E+000
FWHM Fit:  0.000000E+000  0.000000E+000  0.000000E+000
Efficiency Terms:  0.000000  0.000000  0.000000  0.000000  0.000000
  0.000000  0.000000  0.000000  0.000000  0.000000


SPECTRUM
     0:          0          0          0          0          0
     5:          0          0          0          0          0
    10:          0          0          2         40      13688
    15:      16773       7222       3012       1462        769
    20:        526        425        319        242        218
    25:        168        135        123        138        118
    30:        124        117        126        130        126
    35:        117        144        159        149        168
    40:        181        210        196        222        225
    45:        212        205        190        201        195
    50:        188        149        157        190        148
    55:        137        129        135        120        124
    60:        112        111         81         99         94
    65:        115        103         93        107         72
    70:         92        119         97        108         99
    75:        100        123        107         94        132
    80:        115         88        109        120        100
    85:        124        119        128        108        103
    90:        120        120        115        125        121
    95:        121        109        124        122        106
   100:        116         97        140        121        117
   105:        127        113        127        133        146
   110:        129        138        144        131        172
   115:        122        148        129        135        117
   120:        144        128        133        122        126
   125:        126        121        130        129        131
   130:        118        144        134        139        129
   135:        128        113        141        143        119
   140:        124        130        139        142        115
   145:        154        127        128        121        134
   150:        116        113        116        121        137
   155:        123        117        136        108        120
   160:        131        126        103        126        130
   165:        115        101        120        120        105
   170:        125        125        130        121        112
   175:        122        120        111        138        113
   180:         95        134        116        127        121
   185:        129        115        127         98        113
   190:        106        124        112        105         94
   195:        107         99        112        120        124
   200:        101        125        104        105        124
   205:        124        112        117        113        116
   210:        102        109        115        108        109
   215:         98         94        112         98        111
   220:        109        115         95        107        112
   225:         98        109        103         92        100
   230:         99         77         72         81         93
   235:         88         94         93         76         67
   240:         77         77         74         64         71
   245:         71         85         69         76         63
   250:         80         60         64         66         71
   255:         74         64         67         76         64
   260:         60         81         70         79         62
   265:         55         52         65         51         68
   270:         70         60         45         59         56
   275:         53         61         66         53         46
   280:         54         54         59         73         53
   285:         54         52         50         50         70
   290:         60         61         46         56         68
   295:         67         62         77         63         84
   300:         70         93         78         91         84
   305:        107        114        102        118        124
   310:        145        129        165        164        178
   315:        184        196        215        224        253
   320:        247        311        270        328        300
   325:        353        359        373        361        387
   330:        425        454        438        437        410
   335:        461        451        485        438        427
   340:        414        396        392        416        413
   345:        400        356        369        327        323
   350:        272        263        242        232        203
   355:        203        166        169        140        160
   360:        154        122         90        104         88
   365:         73         71         80         62         61
   370:         70         47         47         50         57
   375:         31         36         29         39         33
   380:         35         27         29         23         19
   385:         24         17         15         31         26
   390:         22         21         14         15         15
   395:         18         16         19         22         17
   400:         20         22         17         15         19
   405:         18         16         14         14         20
   410:         17          7         16         16         15
   415:         23         21         18         20         14
   420:         23          8         13         16         13
   425:         15         15         13         17         16
   430:         18          9         11         12         14
   435:         15         17         12         16         16
   440:         15         10         13         16         16
   445:         16          5         18         17         18
   450:         10         16         12         19         13
   455:         15         16         12          9          8
   460:         22         13         16         20         19
   465:         12         14         13         17         17
   470:         17         22         15         23         14
   475:         14         14         20          7         18
   480:         18         13         12         11         14
   485:         14         18         14         16         15
   490:         10         14         14         12         15
   495:         12         14         14         17         13
   500:         15         17         13          5         12
   505:         14         15         14         12         12
   510:         10         12         16         15         12
   515:          9          6         16         18         17
   520:          7         11         17          9         16
   525:         19         17         16         21         20
   530:         24         16         11         16          6
   535:         19         18         18         19          9
   540:         18         21         11         19         16
   545:         22         11         27         20         15
   550:         23         25         27         19         20
   555:         15         23         16         18         16
   560:         21         12         34         23         16
   565:         19         25         13         24         21
   570:         20         15         24         22         12
   575:          8          9         14         14         13
   580:         15         17         16         17         22
   585:         13         14         18         12         14
   590:         19          7         16         17         13
   595:         16         13         14         15          9
   600:         11         13         12         16         14
   605:          9          9          4          8          9
   610:         11          8          9         13          5
   615:         12          9          7         11         10
   620:         11         14          7          8          8
   625:          2         11         10          3          7
   630:          9          8          6          5          7
   635:         11         11          7          9          6
   640:          6         13         12          5         10
   645:          6          9         11         11          4
   650:          5         12         11         12          5
   655:          7          7          7          7          8
   660:          5          6          6          7          8
   665:          5          5         12          9          8
   670:          6          4          6         10          6
   675:         10          6          3          8          8
   680:          6          7         10          9          9
   685:          6          8          1         11          8
   690:          8          3          6          6         11
   695:          8         10          7          6          4
   700:         10          7          8         10          7
   705:          6          8          8          7         13
   710:          5          7         14          9          6
   715:          6         18          8         11          7
   720:         13          7         13         12          6
   725:         11         14         11         14         15
   730:         12          8         15          6          4
   735:         10          8          8         11         11
   740:         10          8          7          5         14
   745:          8          6         11          7          6
   750:          6         10          6          8         11
   755:          4          8         10          6          3
   760:          7          5          5          5          3
   765:          8          5          3          3          5
   770:          4          4          0          6          4
   775:          6          3          7          3          7
   780:          6         10          2          1          5
   785:          3          1          4          4          5
   790:          7          2          6          4          5
   795:          5          9          4          2          1
   800:          3          4          4          4          1
   805:          4          2          3          4          2
   810:          4          4          3          3          3
   815:          4          2          2          1          6
   820:          2          1          3          0          4
   825:          4          3          5          1          6
   830:          2          3          0          4          3
   835:          3          2          5          4          0
   840:          4          2          2          8          1
   845:          3          7          4          1          4
   850:          3          0          1          5          2
   855:          5          5          2          3          4
   860:          1          1          4          2          1
   865:          6          0          1          4          4
   870:          2          3          1          0          2
   875:          1          2          3          4          1
   880:          2          3          0          0          3
   885:          2          1          0          1          2
   890:          2          4          1          1          1
   895:          5          4          5          1          4
   900:          0          4          5          2          3
   905:          3          5          2          3          5
   910:          4          6          4          1          3
   915:          2          4          5          5          3
   920:          2          0          2          3          2
   925:          1          1          1          4          4
   930:          0          0          3          1          3
   935:          1          4          1          2          2
   940:          0          2          1          1          1
   945:          4          4          1          3          2
   950:          0          2          1          0          1
   955:          5          3          2          1          1
   960:          1          0          0          4          1
   965:          1          1          3          1          2
   970:          1          0          3          2          1
   975:          3          0          0          1          2
   980:          3          1          0          1          0
   985:          1          1          2          1          0
   990:          0          0          2          2          1
   995:          4          0          2          0          1
  1000:          3          2          1          4          0
  1005:          0          0          1          3          3
  1010:          0          0          2          2          0
  1015:          0          2          0          1          2
  1020:          2          1          3          1          4
  1025:          3          1          0          4          1
  1030:          1          2          4          0          0
  1035:          1          1          2          2          2
  1040:          5          4          3          3          2
  1045:          2          1          1          1          1
  1050:          2          0          2          2          3
  1055:          1          2          0          3          1
  1060:          1          1          1          3          3
  1065:          2          1          1          0          2
  1070:          0          2          0          2          2
  1075:          7          2          3          2          2
  1080:          2          0          2          1          1
  1085:          1          1          1          2          1
  1090:          1          1          1          3          1
  1095:          1          0          2          1          1
  1100:          3          2          1          2          2
  1105:          2          2          2          0          3
  1110:          2          1          0          2          0
  1115:          1          0          0          2          1
  1120:          1          4          1          0          0
  1125:          1          1          0          1          1
  1130:          3          2          1          2          2
  1135:          1          0          0          0          1
  1140:          2          2          2          0          3
  1145:          3          0          2          2          0
  1150:          1          3          1          1          3
  1155:          1          0          2          0          3
  1160:          3          1          0          1          1
  1165:          1          2          3          0          0
  1170:          1          0          1          2          0
  1175:          0          2          0          0          1
  1180:          2          0          0          0          2
  1185:          1          2          2          0          2
  1190:          0          2          1          2          1
  1195:          0          0          3          2          0
  1200:          1          1          0          2          0
  1205:          0          0          0          0          3
  1210:          0          2          1          2          2
  1215:          1          0          0          0          1
  1220:          1          2          1          0          1
  1225:          1          3          1          0          1
  1230:          0          1          1          0          0
  1235:          1          1          0          0          1
  1240:          1          3          1          0          0
  1245:          1          1          1          0          0
  1250:          2          3          2          2          1
  1255:          1          0          2          3          0
  1260:          1          2          1          4          1
  1265:          0          1          0          1          1
  1270:          2          1          3          1          1
  1275:          2          1          0          2          1
  1280:          0          1          3          3          2
  1285:          2          5          1          0          2
  1290:          0          2          1          2          4
  1295:          3          2          2          0          1
  1300:          1          2          2          1          1
  1305:          1          0          0          1          1
  1310:          0          3          0          2          0
  1315:          1          0          1          0          1
  1320:          2          1          1          1          0
  1325:          2          0          0          2          0
  1330:          0          1          0          0          1
  1335:          0          0          1          0          1
  1340:          1          0          0          0          1
  1345:          0          1          1          4          0
  1350:          0          0          0          0          1
  1355:          2          0          1          0          1
  1360:          0          1          1          0          2
  1365:          0          0          0          0          1
  1370:          0          0          1          1          0
  1375:          1          0          1          1          2
  1380:          0          0          1          0          0
  1385:          0          0          0          1          0
  1390:          0          0          0          0          1
  1395:          1          0          0          1          0
  1400:          1          0          0          2          0
  1405:          1          0          0          0          0
  1410:          0          0          0          0          0
  1415:          1          1          1          0          0
  1420:          0          0          1          0          0
  1425:          1          0          0          0          0
  1430:          1          0          0          0          0
  1435:          0          1          0          1          0
  1440:          0          0          0          1          0
  1445:          0          1          0          0          0
  1450:          0          1          1          0          0
  1455:          0          1          0          0          0
  1460:          0          0          0          0          0
  1465:          0          0          0          0          0
  1470:          0          0          0          0          0
  1475:          0          0          0          1          1
  1480:          0          0          0          1          1
  1485:          1          0          1          0          0
  1490:          0          1          0          0          0
  1495:          0          0          0          0          0
  1500:          1          0          0          0          0
  1505:          0          2          0          0          1
  1510:          0          0          1          0          1
  1515:          1          0          0          0          0
  1520:          0          0          0          1          1
  1525:          0          0          2          0          0
  1530:          0          0          0          0          0
  1535:          0          0          1          1          0
  1540:          1          0          0          0          0
  1545:          0          0          0          0          0
  1550:          1          0          1          2          0
  1555:          1          0          0          0          0
  1560:          1          1          2          0          0
  1565:          0          0          0          0          0
  1570:          0          0          0          0          0
  1575:          0          0          0          0          0
  1580:          0          0          0          0          0
  1585:          0          0          0          1          1
  1590:          0          0          0          0          0
  1595:          0          0          2          0          0
  1600:          1          0          1          0          0
  1605:          0          1          0          0          0
  1610:          0          2          0          0          0
  1615:          0          0          1          0          0
  1620:          0          0          0          1          0
  1625:          0          0          0          0          0
  1630:          0          0          0          1          0
  1635:          0          0          1          0          0
  1640:          0          0          0          1          0
  1645:          0          0          0          0          0
  1650:          0          0          0          0          0
  1655:          0          0          0          1          0
  1660:          0          0          0          0          0
  1665:          1          0          0          0          0
  1670:          0          0          0          0          0
  1675:          0          0          0          0          0
  1680:          0          0          0          0          0
  1685:          0          0          0          0          1
  1690:          0          2          1          0          0
  1695:          1          0          1          0          0
  1700:          0          0          0          0          0
  1705:          0          0          0          0          1
  1710:          0          0          0          0          0
  1715:          0          0          0          1          0
  1720:          0          0          0          0          0
  1725:          1          0          0          0          0
  1730:          0          1          0          0          1
  1735:          0          0          0          0          0
  1740:          0          0          0          0          0
  1745:          0          0          0          0          1
  1750:          0          0          0          0          0
  1755:          0          1          0          0          1
  1760:          1          1          1          2          0
  1765:          0          0          1          0          0
  1770:          1          1          0          1          1
  1775:          0          0          0          0          0
  1780:          1          0          0          0          0
  1785:          0          0          0          0          0
  1790:          0          0          0          0          0
  1795:          0          0          0          0          1
  1800:          0          0          0          1          0
  1805:          0          1          0          0          0
  1810:          0          1          0          0          1
  1815:          1          0          1          2          0
  1820:          0          0          0          0          0
  1825:          1          0          0          0          0
  1830:          0          0          0          0          0
  1835:          0          0          1          0          0
  1840:          0          0          0          1          0
  1845:          0          0          0          0          0
  1850:          0          0          0          0          0
  1855:          0          0          1          0          1
  1860:          0          2          0          0          1
  1865:          0          1          0          0          0
  1870:          0          0          0          1          0
  1875:          0          0          0          0          0
  1880:          1          1          0          0          0
  1885:          0          0          1          0          0
  1890:          1          0          0          0          1
  1895:          0          0          0          0          1
  1900:          0          0          0          1          0
  1905:          1          0          0          0          0
  1910:          0          0          0          1          1
  1915:          0          1          0          0          0
  1920:          1          0          0          0          0
  1925:          0          0          1          0          0
  1930:          0          1          0          0          0
  1935:          0          1          0          1          0
  1940:          0          1          0          0          0
  1945:          0          0          0          0          0
  1950:          0          0          0          0          0
  1955:          0          1          0          0          0
  1960:          0          0          0          0          0
  1965:          1          0          0          0          0
  1970:          0          1          0          0          0
  1975:          0          0          0          0          1
  1980:          0          0          0          0          0
  1985:          0          0          0          1          0
  1990:          1          0          0          0          1
  1995:          0          0          0          0          0
  2000:          1          0          2          2          2
  2005:          1          0          1          1          1
  2010:          0          0          0          3          2
  2015:          3          1          0          0          1
  2020:          0          2          1          0          1
  2025:          0          0          1          0          0
  2030:          0          1          0          1          2
  2035:          0          0          1          1          0
  2040:          1          0          0          1          1
  2045:          1          0          1
