Calibration Data 2
340.79	0.00
341.02	1.00
341.25	1.00
341.48	0.00
341.71	-7.00
341.95	0.00
342.18	2.00
342.41	-2.00
342.64	1.00
342.87	2.00
343.10	3.00
343.33	1.00
343.56	0.00
343.79	2.00
344.02	2.00
344.25	-1.00
344.48	-5.00
344.71	1.00
344.95	0.00
345.18	-1.00
345.41	-8.00
345.64	2.00
345.87	1.00
346.10	5.00
346.33	-2.00
346.56	-2.00
346.79	-2.00
347.02	4.00
347.25	1.00
347.48	7.00
347.71	3.00
347.94	-1.00
348.17	2.00
348.41	-5.00
348.64	-2.00
348.87	-1.00
349.10	-4.00
349.33	0.00
349.56	3.00
349.79	-2.00
350.02	-4.00
350.25	-3.00
350.48	-1.00
350.71	2.00
350.94	2.00
351.17	-5.00
351.40	-4.00
351.63	-5.00
351.86	-6.00
352.09	1.00
352.32	0.00
352.55	9.00
352.78	3.00
353.01	6.00
353.25	-1.00
353.48	6.00
353.71	4.00
353.94	2.00
354.17	6.00
354.40	-6.00
354.63	2.00
354.86	1.00
355.09	2.00
355.32	5.00
355.55	4.00
355.78	-3.00
356.01	-2.00
356.24	3.00
356.47	-5.00
356.70	5.00
356.93	2.00
357.16	-1.00
357.39	0.00
357.62	1.00
357.85	2.00
358.08	-4.00
358.31	0.00
358.54	2.00
358.77	-11.00
359.00	3.00
359.23	-3.00
359.46	5.00
359.69	2.00
359.92	2.00
360.15	5.00
360.38	1.00
360.61	-2.00
360.84	-3.00
361.07	-2.00
361.30	3.00
361.53	6.00
361.76	4.00
361.99	-1.00
362.22	0.00
362.45	0.00
362.68	4.00
362.91	-1.00
363.14	0.00
363.37	-5.00
363.60	0.00
363.83	2.00
364.06	5.00
364.29	-2.00
364.52	-1.00
364.75	3.00
364.98	-2.00
365.21	-1.00
365.44	-1.00
365.67	7.00
365.90	1.00
366.13	1.00
366.36	-5.00
366.59	-6.00
366.82	0.00
367.05	3.00
367.28	2.00
367.51	4.00
367.74	-2.00
367.97	3.00
368.20	5.00
368.43	-5.00
368.66	4.00
368.89	3.00
369.12	3.00
369.35	2.00
369.58	-8.00
369.81	-2.00
370.04	0.00
370.27	3.00
370.50	6.00
370.73	4.00
370.96	1.00
371.18	12.00
371.41	5.00
371.64	-1.00
371.87	4.00
372.10	5.00
372.33	-2.00
372.56	0.00
372.79	2.00
373.02	-9.00
373.25	1.00
373.48	4.00
373.71	3.00
373.94	5.00
374.17	-1.00
374.40	-3.00
374.63	4.00
374.86	-1.00
375.09	-3.00
375.32	4.00
375.55	-2.00
375.78	1.00
376.00	2.00
376.23	0.00
376.46	8.00
376.69	0.00
376.92	0.00
377.15	-3.00
377.38	5.00
377.61	0.00
377.84	7.00
378.07	8.00
378.30	2.00
378.53	4.00
378.76	3.00
378.99	7.00
379.22	3.00
379.44	-2.00
379.67	6.00
379.90	-1.00
380.13	2.00
380.36	-2.00
380.59	-2.00
380.82	0.00
381.05	0.00
381.28	3.00
381.51	2.00
381.74	0.00
381.97	4.00
382.20	-2.00
382.42	8.00
382.65	0.00
382.88	-1.00
383.11	-1.00
383.34	8.00
383.57	4.00
383.80	-4.00
384.03	5.00
384.26	2.00
384.49	7.00
384.71	-1.00
384.94	4.00
385.17	2.00
385.40	-2.00
385.63	-3.00
385.86	-1.00
386.09	2.00
386.32	0.00
386.55	5.00
386.78	3.00
387.00	5.00
387.23	3.00
387.46	-8.00
387.69	5.00
387.92	0.00
388.15	-1.00
388.38	1.00
388.61	4.00
388.84	2.00
389.06	-1.00
389.29	3.00
389.52	3.00
389.75	4.00
389.98	2.00
390.21	-1.00
390.44	4.00
390.67	6.00
390.90	4.00
391.12	0.00
391.35	0.00
391.58	1.00
391.81	1.00
392.04	-3.00
392.27	2.00
392.50	3.00
392.72	3.00
392.95	-2.00
393.18	0.00
393.41	2.00
393.64	7.00
393.87	-1.00
394.10	-4.00
394.33	9.00
394.55	-1.00
394.78	1.00
395.01	10.00
395.24	-1.00
395.47	-1.00
395.70	0.00
395.93	-3.00
396.15	6.00
396.38	0.00
396.61	5.00
396.84	10.00
397.07	7.00
397.30	0.00
397.52	6.00
397.75	10.00
397.98	1.00
398.21	5.00
398.44	8.00
398.67	5.00
398.90	6.00
399.12	3.00
399.35	4.00
399.58	2.00
399.81	1.00
400.04	5.00
400.27	10.00
400.49	0.00
400.72	5.00
400.95	5.00
401.18	4.00
401.41	3.00
401.64	7.00
401.86	3.00
402.09	4.00
402.32	3.00
402.55	8.00
402.78	9.00
403.01	3.00
403.23	11.00
403.46	10.00
403.69	9.00
403.92	8.00
404.15	-1.00
404.37	8.00
404.60	2.00
404.83	10.00
405.06	1.00
405.29	9.00
405.52	7.00
405.74	2.00
405.97	3.00
406.20	5.00
406.43	5.00
406.66	7.00
406.88	6.00
407.11	6.00
407.34	5.00
407.57	5.00
407.80	6.00
408.02	3.00
408.25	-3.00
408.48	8.00
408.71	4.00
408.94	3.00
409.16	5.00
409.39	6.00
409.62	10.00
409.85	7.00
410.08	7.00
410.30	5.00
410.53	7.00
410.76	9.00
410.99	11.00
411.21	4.00
411.44	12.00
411.67	6.00
411.90	5.00
412.13	8.00
412.35	11.00
412.58	11.00
412.81	7.00
413.04	5.00
413.26	8.00
413.49	12.00
413.72	9.00
413.95	10.00
414.18	5.00
414.40	8.00
414.63	5.00
414.86	11.00
415.09	8.00
415.31	12.00
415.54	14.00
415.77	13.00
416.00	7.00
416.22	8.00
416.45	13.00
416.68	11.00
416.91	11.00
417.14	11.00
417.36	11.00
417.59	10.00
417.82	15.00
418.05	8.00
418.27	5.00
418.50	12.00
418.73	14.00
418.96	13.00
419.18	10.00
419.41	13.00
419.64	10.00
419.87	15.00
420.09	14.00
420.32	10.00
420.55	10.00
420.78	14.00
421.00	8.00
421.23	15.00
421.46	10.00
421.68	18.00
421.91	15.00
422.14	11.00
422.37	10.00
422.59	14.00
422.82	17.00
423.05	16.00
423.28	12.00
423.50	14.00
423.73	7.00
423.96	20.00
424.19	17.00
424.41	12.00
424.64	22.00
424.87	16.00
425.09	12.00
425.32	19.00
425.55	18.00
425.78	17.00
426.00	14.00
426.23	22.00
426.46	13.00
426.68	17.00
426.91	15.00
427.14	11.00
427.37	13.00
427.59	9.00
427.82	17.00
428.05	18.00
428.27	21.00
428.50	16.00
428.73	21.00
428.96	21.00
429.18	14.00
429.41	18.00
429.64	11.00
429.86	16.00
430.09	15.00
430.32	23.00
430.54	23.00
430.77	17.00
431.00	21.00
431.22	23.00
431.45	26.00
431.68	18.00
431.91	20.00
432.13	20.00
432.36	18.00
432.59	23.00
432.81	26.00
433.04	26.00
433.27	20.00
433.49	20.00
433.72	12.00
433.95	15.00
434.17	21.00
434.40	23.00
434.63	19.00
434.85	20.00
435.08	29.00
435.31	21.00
435.53	26.00
435.76	24.00
435.99	21.00
436.21	32.00
436.44	19.00
436.67	25.00
436.89	26.00
437.12	27.00
437.35	30.00
437.57	25.00
437.80	21.00
438.03	21.00
438.25	21.00
438.48	22.00
438.71	22.00
438.93	24.00
439.16	26.00
439.39	26.00
439.61	20.00
439.84	19.00
440.07	23.00
440.29	28.00
440.52	24.00
440.75	19.00
440.97	30.00
441.20	27.00
441.43	27.00
441.65	35.00
441.88	27.00
442.10	25.00
442.33	29.00
442.56	27.00
442.78	32.00
443.01	25.00
443.24	27.00
443.46	26.00
443.69	30.00
443.92	25.00
444.14	29.00
444.37	37.00
444.59	21.00
444.82	27.00
445.05	31.00
445.27	31.00
445.50	38.00
445.73	27.00
445.95	30.00
446.18	33.00
446.40	28.00
446.63	28.00
446.86	30.00
447.08	32.00
447.31	31.00
447.54	29.00
447.76	27.00
447.99	38.00
448.21	35.00
448.44	32.00
448.67	33.00
448.89	30.00
449.12	40.00
449.34	33.00
449.57	30.00
449.80	32.00
450.02	33.00
450.25	33.00
450.47	41.00
450.70	41.00
450.93	41.00
451.15	41.00
451.38	37.00
451.60	39.00
451.83	34.00
452.06	40.00
452.28	40.00
452.51	35.00
452.73	38.00
452.96	46.00
453.19	45.00
453.41	40.00
453.64	36.00
453.86	42.00
454.09	45.00
454.32	41.00
454.54	45.00
454.77	46.00
454.99	49.00
455.22	43.00
455.44	45.00
455.67	50.00
455.90	44.00
456.12	48.00
456.35	46.00
456.57	44.00
456.80	39.00
457.02	45.00
457.25	37.00
457.48	41.00
457.70	47.00
457.93	42.00
458.15	45.00
458.38	44.00
458.60	46.00
458.83	51.00
459.06	45.00
459.28	50.00
459.51	48.00
459.73	53.00
459.96	51.00
460.18	49.00
460.41	54.00
460.63	50.00
460.86	49.00
461.08	55.00
461.31	50.00
461.54	52.00
461.76	47.00
461.99	56.00
462.21	54.00
462.44	49.00
462.66	47.00
462.89	58.00
463.11	53.00
463.34	59.00
463.56	56.00
463.79	60.00
464.02	62.00
464.24	53.00
464.47	61.00
464.69	64.00
464.92	56.00
465.14	66.00
465.37	58.00
465.59	63.00
465.82	55.00
466.04	62.00
466.27	67.00
466.49	67.00
466.72	65.00
466.94	63.00
467.17	64.00
467.39	62.00
467.62	63.00
467.84	66.00
468.07	66.00
468.30	67.00
468.52	61.00
468.75	64.00
468.97	67.00
469.20	70.00
469.42	67.00
469.65	68.00
469.87	76.00
470.10	70.00
470.32	69.00
470.55	72.00
470.77	74.00
471.00	80.00
471.22	69.00
471.45	80.00
471.67	76.00
471.90	71.00
472.12	74.00
472.35	71.00
472.57	81.00
472.80	81.00
473.02	85.00
473.25	82.00
473.47	86.00
473.70	79.00
473.92	92.00
474.14	79.00
474.37	89.00
474.59	89.00
474.82	90.00
475.04	93.00
475.27	100.00
475.49	93.00
475.72	94.00
475.94	92.00
476.17	99.00
476.39	101.00
476.62	106.00
476.84	101.00
477.07	96.00
477.29	99.00
477.52	107.00
477.74	106.00
477.97	113.00
478.19	101.00
478.41	105.00
478.64	116.00
478.86	111.00
479.09	119.00
479.31	109.00
479.54	108.00
479.76	114.00
479.99	116.00
480.21	116.00
480.44	114.00
480.66	119.00
480.89	114.00
481.11	127.00
481.33	117.00
481.56	118.00
481.78	119.00
482.01	114.00
482.23	123.00
482.46	126.00
482.68	124.00
482.91	124.00
483.13	131.00
483.35	128.00
483.58	136.00
483.80	139.00
484.03	134.00
484.25	140.00
484.48	136.00
484.70	149.00
484.92	143.00
485.15	142.00
485.37	153.00
485.60	150.00
485.82	148.00
486.05	152.00
486.27	150.00
486.49	155.00
486.72	160.00
486.94	156.00
487.17	155.00
487.39	151.00
487.62	167.00
487.84	164.00
488.06	159.00
488.29	162.00
488.51	165.00
488.74	154.00
488.96	168.00
489.18	166.00
489.41	169.00
489.63	170.00
489.86	164.00
490.08	173.00
490.30	173.00
490.53	181.00
490.75	169.00
490.98	178.00
491.20	178.00
491.42	175.00
491.65	182.00
491.87	176.00
492.10	184.00
492.32	187.00
492.54	184.00
492.77	187.00
492.99	184.00
493.22	186.00
493.44	186.00
493.66	191.00
493.89	196.00
494.11	193.00
494.33	188.00
494.56	196.00
494.78	200.00
495.01	200.00
495.23	203.00
495.45	206.00
495.68	201.00
495.90	197.00
496.13	205.00
496.35	202.00
496.57	211.00
496.80	200.00
497.02	218.00
497.24	211.00
497.47	211.00
497.69	210.00
497.91	214.00
498.14	209.00
498.36	210.00
498.59	221.00
498.81	223.00
499.03	223.00
499.26	223.00
499.48	219.00
499.70	217.00
499.93	219.00
500.15	216.00
500.37	224.00
500.60	231.00
500.82	229.00
501.04	223.00
501.27	226.00
501.49	243.00
501.71	225.00
501.94	225.00
502.16	241.00
502.39	242.00
502.61	230.00
502.83	237.00
503.06	243.00
503.28	241.00
503.50	243.00
503.73	243.00
503.95	248.00
504.17	245.00
504.40	242.00
504.62	249.00
504.84	241.00
505.07	247.00
505.29	250.00
505.51	251.00
505.73	255.00
505.96	255.00
506.18	261.00
506.40	265.00
506.63	257.00
506.85	257.00
507.07	266.00
507.30	256.00
507.52	266.00
507.74	264.00
507.97	276.00
508.19	277.00
508.41	268.00
508.64	262.00
508.86	265.00
509.08	272.00
509.30	265.00
509.53	268.00
509.75	273.00
509.97	276.00
510.20	271.00
510.42	267.00
510.64	268.00
510.87	280.00
511.09	293.00
511.31	285.00
511.53	284.00
511.76	293.00
511.98	288.00
512.20	284.00
512.43	273.00
512.65	282.00
512.87	286.00
513.09	291.00
513.32	297.00
513.54	312.00
513.76	289.00
513.99	301.00
514.21	287.00
514.43	307.00
514.65	304.00
514.88	298.00
515.10	293.00
515.32	310.00
515.55	312.00
515.77	313.00
515.99	317.00
516.21	313.00
516.44	306.00
516.66	313.00
516.88	328.00
517.10	315.00
517.33	316.00
517.55	321.00
517.77	316.00
517.99	313.00
518.22	311.00
518.44	320.00
518.66	324.00
518.88	333.00
519.11	319.00
519.33	328.00
519.55	323.00
519.77	336.00
520.00	341.00
520.22	336.00
520.44	339.00
520.66	326.00
520.89	340.00
521.11	340.00
521.33	328.00
521.55	338.00
521.78	347.00
522.00	346.00
522.22	346.00
522.44	349.00
522.67	348.00
522.89	341.00
523.11	349.00
523.33	346.00
523.56	360.00
523.78	351.00
524.00	366.00
524.22	363.00
524.44	366.00
524.67	366.00
524.89	367.00
525.11	365.00
525.33	373.00
525.56	368.00
525.78	371.00
526.00	375.00
526.22	367.00
526.44	374.00
526.67	369.00
526.89	371.00
527.11	378.00
527.33	378.00
527.55	376.00
527.78	392.00
528.00	385.00
528.22	385.00
528.44	384.00
528.66	385.00
528.89	393.00
529.11	384.00
529.33	390.00
529.55	387.00
529.77	402.00
530.00	390.00
530.22	384.00
530.44	404.00
530.66	400.00
530.88	401.00
531.11	399.00
531.33	408.00
531.55	407.00
531.77	415.00
531.99	417.00
532.22	412.00
532.44	416.00
532.66	414.00
532.88	418.00
533.10	413.00
533.32	425.00
533.55	424.00
533.77	421.00
533.99	423.00
534.21	423.00
534.43	409.00
534.65	425.00
534.88	427.00
535.10	436.00
535.32	430.00
535.54	429.00
535.76	430.00
535.98	432.00
536.21	436.00
536.43	445.00
536.65	443.00
536.87	441.00
537.09	441.00
537.31	443.00
537.54	446.00
537.76	457.00
537.98	443.00
538.20	450.00
538.42	444.00
538.64	455.00
538.86	457.00
539.09	450.00
539.31	438.00
539.53	464.00
539.75	447.00
539.97	456.00
540.19	462.00
540.41	476.00
540.64	453.00
540.86	480.00
541.08	465.00
541.30	465.00
541.52	470.00
541.74	482.00
541.96	482.00
542.18	478.00
542.41	467.00
542.63	469.00
542.85	463.00
543.07	483.00
543.29	481.00
543.51	483.00
543.73	469.00
543.95	488.00
544.18	489.00
544.40	493.00
544.62	483.00
544.84	496.00
545.06	494.00
545.28	495.00
545.50	499.00
545.72	507.00
545.94	511.00
546.17	515.00
546.39	500.00
546.61	505.00
546.83	508.00
547.05	501.00
547.27	520.00
547.49	515.00
547.71	509.00
547.93	510.00
548.15	516.00
548.38	525.00
548.60	510.00
548.82	541.00
549.04	530.00
549.26	519.00
549.48	521.00
549.70	537.00
549.92	527.00
550.14	541.00
550.36	524.00
550.58	535.00
550.80	534.00
551.03	530.00
551.25	534.00
551.47	532.00
551.69	549.00
551.91	544.00
552.13	553.00
552.35	534.00
552.57	545.00
552.79	553.00
553.01	545.00
553.23	555.00
553.45	543.00
553.67	566.00
553.89	548.00
554.12	558.00
554.34	555.00
554.56	551.00
554.78	567.00
555.00	563.00
555.22	563.00
555.44	567.00
555.66	558.00
555.88	574.00
556.10	569.00
556.32	574.00
556.54	592.00
556.76	581.00
556.98	582.00
557.20	578.00
557.42	576.00
557.64	581.00
557.86	586.00
558.08	587.00
558.30	590.00
558.53	592.00
558.75	600.00
558.97	591.00
559.19	597.00
559.41	601.00
559.63	599.00
559.85	596.00
560.07	613.00
560.29	600.00
560.51	607.00
560.73	611.00
560.95	607.00
561.17	619.00
561.39	612.00
561.61	615.00
561.83	621.00
562.05	624.00
562.27	632.00
562.49	615.00
562.71	630.00
562.93	623.00
563.15	640.00
563.37	628.00
563.59	633.00
563.81	619.00
564.03	644.00
564.25	640.00
564.47	639.00
564.69	637.00
564.91	644.00
565.13	641.00
565.35	642.00
565.57	649.00
565.79	665.00
566.01	647.00
566.23	665.00
566.45	658.00
566.67	649.00
566.89	662.00
567.11	651.00
567.33	671.00
567.55	658.00
567.77	673.00
567.99	670.00
568.21	669.00
568.43	676.00
568.65	672.00
568.87	672.00
569.09	683.00
569.31	686.00
569.53	698.00
569.75	686.00
569.97	689.00
570.19	693.00
570.41	697.00
570.63	690.00
570.85	695.00
571.07	710.00
571.28	700.00
571.50	684.00
571.72	710.00
571.94	694.00
572.16	682.00
572.38	722.00
572.60	710.00
572.82	727.00
573.04	722.00
573.26	725.00
573.48	719.00
573.70	731.00
573.92	723.00
574.14	735.00
574.36	722.00
574.58	743.00
574.80	739.00
575.02	735.00
575.24	744.00
575.46	741.00
575.67	752.00
575.89	756.00
576.11	746.00
576.33	749.00
576.55	759.00
576.77	766.00
576.99	760.00
577.21	750.00
577.43	759.00
577.65	771.00
577.87	769.00
578.09	762.00
578.31	766.00
578.53	774.00
578.74	779.00
578.96	763.00
579.18	771.00
579.40	792.00
579.62	774.00
579.84	787.00
580.06	793.00
580.28	799.00
580.50	787.00
580.72	784.00
580.94	793.00
581.16	802.00
581.37	816.00
581.59	819.00
581.81	829.00
582.03	813.00
582.25	810.00
582.47	827.00
582.69	818.00
582.91	819.00
583.13	822.00
583.35	820.00
583.56	814.00
583.78	826.00
584.00	848.00
584.22	837.00
584.44	844.00
584.66	859.00
584.88	842.00
585.10	822.00
585.32	866.00
585.53	847.00
585.75	841.00
585.97	841.00
586.19	857.00
586.41	847.00
586.63	858.00
586.85	868.00
587.07	872.00
587.28	864.00
587.50	860.00
587.72	874.00
587.94	851.00
588.16	880.00
588.38	868.00
588.60	876.00
588.81	873.00
589.03	883.00
589.25	885.00
589.47	882.00
589.69	881.00
589.91	893.00
590.13	893.00
590.34	896.00
590.56	896.00
590.78	901.00
591.00	892.00
591.22	884.00
591.44	900.00
591.66	900.00
591.87	897.00
592.09	903.00
592.31	921.00
592.53	908.00
592.75	919.00
592.97	894.00
593.18	896.00
593.40	915.00
593.62	918.00
593.84	908.00
594.06	915.00
594.28	912.00
594.49	930.00
594.71	922.00
594.93	926.00
595.15	919.00
595.37	918.00
595.59	929.00
595.80	910.00
596.02	939.00
596.24	925.00
596.46	934.00
596.68	935.00
596.89	921.00
597.11	914.00
597.33	917.00
597.55	949.00
597.77	935.00
597.98	934.00
598.20	935.00
598.42	943.00
598.64	930.00
598.86	942.00
599.08	955.00
599.29	940.00
599.51	941.00
599.73	960.00
599.95	940.00
600.16	959.00
600.38	959.00
600.60	952.00
600.82	972.00
601.04	950.00
601.25	935.00
601.47	951.00
601.69	936.00
601.91	967.00
602.13	950.00
602.34	955.00
602.56	954.00
602.78	955.00
603.00	983.00
603.21	970.00
603.43	965.00
603.65	977.00
603.87	950.00
604.09	972.00
604.30	980.00
604.52	962.00
604.74	970.00
604.96	958.00
605.17	961.00
605.39	965.00
605.61	958.00
605.83	976.00
606.04	976.00
606.26	966.00
606.48	983.00
606.70	982.00
606.91	987.00
607.13	972.00
607.35	997.00
607.57	974.00
607.78	977.00
608.00	986.00
608.22	967.00
608.44	974.00
608.65	984.00
608.87	979.00
609.09	983.00
609.31	987.00
609.52	995.00
609.74	990.00
609.96	1009.00
610.18	976.00
610.39	996.00
610.61	991.00
610.83	993.00
611.05	987.00
611.26	985.00
611.48	979.00
611.70	1006.00
611.91	998.00
612.13	1013.00
612.35	991.00
612.57	999.00
612.78	1010.00
613.00	1002.00
613.22	1007.00
613.43	1003.00
613.65	1004.00
613.87	984.00
614.09	1005.00
614.30	994.00
614.52	1001.00
614.74	1001.00
614.95	1006.00
615.17	1010.00
615.39	1008.00
615.61	1003.00
615.82	1009.00
616.04	1014.00
616.26	1007.00
616.47	1008.00
616.69	1006.00
616.91	1028.00
617.12	1001.00
617.34	1028.00
617.56	1033.00
617.77	1024.00
617.99	1021.00
618.21	1017.00
618.43	1019.00
618.64	1022.00
618.86	1018.00
619.08	1021.00
619.29	1032.00
619.51	1034.00
619.73	1033.00
619.94	1012.00
620.16	1034.00
620.38	1027.00
620.59	1035.00
620.81	1016.00
621.03	1035.00
621.24	1033.00
621.46	1037.00
621.68	1038.00
621.89	1024.00
622.11	1037.00
622.33	1037.00
622.54	1064.00
622.76	1047.00
622.98	1041.00
623.19	1039.00
623.41	1048.00
623.63	1048.00
623.84	1054.00
624.06	1042.00
624.28	1037.00
624.49	1053.00
624.71	1046.00
624.92	1079.00
625.14	1043.00
625.36	1044.00
625.57	1051.00
625.79	1057.00
626.01	1076.00
626.22	1056.00
626.44	1061.00
626.66	1060.00
626.87	1043.00
627.09	1052.00
627.30	1057.00
627.52	1057.00
627.74	1055.00
627.95	1066.00
628.17	1062.00
628.39	1074.00
628.60	1079.00
628.82	1062.00
629.03	1051.00
629.25	1071.00
629.47	1071.00
629.68	1068.00
629.90	1079.00
630.11	1074.00
630.33	1078.00
630.55	1073.00
630.76	1064.00
630.98	1077.00
631.20	1067.00
631.41	1069.00
631.63	1102.00
631.84	1097.00
632.06	1081.00
632.28	1095.00
632.49	1092.00
632.71	1081.00
632.92	1082.00
633.14	1086.00
633.36	1103.00
633.57	1086.00
633.79	1085.00
634.00	1096.00
634.22	1093.00
634.43	1077.00
634.65	1106.00
634.87	1085.00
635.08	1069.00
635.30	1103.00
635.51	1086.00
635.73	1099.00
635.95	1084.00
636.16	1106.00
636.38	1095.00
636.59	1087.00
636.81	1078.00
637.02	1078.00
637.24	1089.00
637.45	1096.00
637.67	1102.00
637.89	1093.00
638.10	1094.00
638.32	1089.00
638.53	1091.00
638.75	1117.00
638.96	1098.00
639.18	1107.00
639.40	1086.00
639.61	1099.00
639.83	1124.00
640.04	1107.00
640.26	1091.00
640.47	1104.00
640.69	1094.00
640.90	1089.00
641.12	1102.00
641.33	1099.00
641.55	1112.00
641.77	1102.00
641.98	1111.00
642.20	1108.00
642.41	1107.00
642.63	1088.00
642.84	1130.00
643.06	1128.00
643.27	1094.00
643.49	1089.00
643.70	1116.00
643.92	1125.00
644.13	1121.00
644.35	1108.00
644.56	1123.00
644.78	1111.00
644.99	1110.00
645.21	1100.00
645.42	1100.00
645.64	1121.00
645.85	1096.00
646.07	1125.00
646.29	1102.00
646.50	1098.00
646.72	1119.00
646.93	1103.00
647.15	1117.00
647.36	1110.00
647.58	1107.00
647.79	1111.00
648.01	1116.00
648.22	1122.00
648.44	1133.00
648.65	1104.00
648.87	1110.00
649.08	1120.00
649.30	1128.00
649.51	1120.00
649.72	1129.00
649.94	1118.00
650.15	1099.00
650.37	1131.00
650.58	1129.00
650.80	1117.00
651.01	1111.00
651.23	1120.00
651.44	1117.00
651.66	1114.00
651.87	1127.00
652.09	1104.00
652.30	1111.00
652.52	1116.00
652.73	1117.00
652.95	1121.00
653.16	1133.00
653.38	1125.00
653.59	1126.00
653.80	1109.00
654.02	1110.00
654.23	1111.00
654.45	1129.00
654.66	1135.00
654.88	1109.00
655.09	1099.00
655.31	1144.00
655.52	1117.00
655.74	1115.00
655.95	1110.00
656.16	1111.00
656.38	1124.00
656.59	1106.00
656.81	1127.00
657.02	1115.00
657.24	1116.00
657.45	1108.00
657.67	1105.00
657.88	1126.00
658.09	1117.00
658.31	1097.00
658.52	1113.00
658.74	1129.00
658.95	1130.00
659.17	1143.00
659.38	1116.00
659.59	1104.00
659.81	1156.00
660.02	1107.00
660.24	1115.00
660.45	1110.00
660.67	1129.00
660.88	1130.00
661.09	1111.00
661.31	1112.00
661.52	1112.00
661.74	1113.00
661.95	1111.00
662.16	1118.00
662.38	1106.00
662.59	1125.00
662.81	1115.00
663.02	1128.00
663.23	1118.00
663.45	1105.00
663.66	1142.00
663.88	1128.00
664.09	1100.00
664.30	1136.00
664.52	1100.00
664.73	1127.00
664.95	1112.00
665.16	1134.00
665.37	1119.00
665.59	1095.00
665.80	1106.00
666.02	1103.00
666.23	1122.00
666.44	1126.00
666.66	1110.00
666.87	1102.00
667.08	1117.00
667.30	1113.00
667.51	1112.00
667.73	1132.00
667.94	1123.00
668.15	1111.00
668.37	1118.00
668.58	1113.00
668.79	1101.00
669.01	1103.00
669.22	1128.00
669.43	1114.00
669.65	1105.00
669.86	1115.00
670.08	1118.00
670.29	1108.00
670.50	1108.00
670.72	1107.00
670.93	1103.00
671.14	1118.00
671.36	1092.00
671.57	1112.00
671.78	1106.00
672.00	1103.00
672.21	1107.00
672.42	1089.00
672.64	1089.00
672.85	1104.00
673.06	1113.00
673.28	1103.00
673.49	1113.00
673.70	1114.00
673.92	1106.00
674.13	1122.00
674.34	1098.00
674.56	1113.00
674.77	1117.00
674.98	1093.00
675.20	1090.00
675.41	1131.00
675.62	1130.00
675.84	1110.00
676.05	1109.00
676.26	1106.00
676.48	1106.00
676.69	1108.00
676.90	1108.00
677.11	1099.00
677.33	1113.00
677.54	1109.00
677.75	1094.00
677.97	1106.00
678.18	1102.00
678.39	1093.00
678.61	1103.00
678.82	1102.00
679.03	1102.00
679.24	1096.00
679.46	1101.00
679.67	1122.00
679.88	1107.00
680.10	1101.00
680.31	1118.00
680.52	1109.00
680.73	1097.00
680.95	1077.00
681.16	1089.00
681.37	1096.00
681.59	1102.00
681.80	1098.00
682.01	1095.00
682.22	1099.00
682.44	1112.00
682.65	1104.00
682.86	1091.00
683.08	1086.00
683.29	1091.00
683.50	1093.00
683.71	1106.00
683.93	1104.00
684.14	1091.00
684.35	1089.00
684.56	1088.00
684.78	1089.00
684.99	1111.00
685.20	1086.00
685.41	1087.00
685.63	1102.00
685.84	1083.00
686.05	1111.00
686.26	1071.00
686.48	1102.00
686.69	1088.00
686.90	1105.00
687.11	1097.00
687.33	1099.00
687.54	1097.00
687.75	1106.00
687.96	1109.00
688.18	1102.00
688.39	1099.00
688.60	1102.00
688.81	1096.00
689.03	1096.00
689.24	1088.00
689.45	1075.00
689.66	1108.00
689.87	1095.00
690.09	1102.00
690.30	1102.00
690.51	1106.00
690.72	1087.00
690.94	1076.00
691.15	1093.00
691.36	1077.00
691.57	1079.00
691.78	1095.00
692.00	1091.00
692.21	1075.00
692.42	1086.00
692.63	1088.00
692.84	1092.00
693.06	1109.00
693.27	1086.00
693.48	1107.00
693.69	1075.00
693.90	1094.00
694.12	1097.00
694.33	1100.00
694.54	1088.00
694.75	1088.00
694.96	1089.00
695.18	1065.00
695.39	1098.00
695.60	1096.00
695.81	1086.00
696.02	1091.00
696.23	1092.00
696.45	1089.00
696.66	1107.00
696.87	1095.00
697.08	1099.00
697.29	1081.00
697.51	1078.00
697.72	1094.00
697.93	1096.00
698.14	1073.00
698.35	1092.00
698.56	1096.00
698.78	1091.00
698.99	1090.00
699.20	1091.00
699.41	1091.00
699.62	1083.00
699.83	1093.00
700.04	1086.00
700.26	1100.00
700.47	1082.00
700.68	1077.00
700.89	1095.00
701.10	1106.00
701.31	1075.00
701.53	1076.00
701.74	1093.00
701.95	1085.00
702.16	1074.00
702.37	1068.00
702.58	1098.00
702.79	1080.00
703.00	1055.00
703.22	1076.00
703.43	1074.00
703.64	1098.00
703.85	1089.00
704.06	1079.00
704.27	1095.00
704.48	1069.00
704.69	1084.00
704.91	1085.00
705.12	1084.00
705.33	1083.00
705.54	1073.00
705.75	1081.00
705.96	1085.00
706.17	1082.00
706.38	1068.00
706.60	1057.00
706.81	1076.00
707.02	1071.00
707.23	1079.00
707.44	1085.00
707.65	1082.00
707.86	1056.00
708.07	1053.00
708.28	1082.00
708.49	1072.00
708.71	1068.00
708.92	1082.00
709.13	1077.00
709.34	1059.00
709.55	1070.00
709.76	1063.00
709.97	1077.00
710.18	1052.00
710.39	1064.00
710.60	1063.00
710.81	1060.00
711.02	1066.00
711.24	1075.00
711.45	1073.00
711.66	1065.00
711.87	1066.00
712.08	1055.00
712.29	1081.00
712.50	1080.00
712.71	1070.00
712.92	1059.00
713.13	1049.00
713.34	1057.00
713.55	1043.00
713.76	1066.00
713.97	1046.00
714.18	1061.00
714.40	1055.00
714.61	1077.00
714.82	1055.00
715.03	1050.00
715.24	1036.00
715.45	1056.00
715.66	1041.00
715.87	1062.00
716.08	1041.00
716.29	1054.00
716.50	1044.00
716.71	1036.00
716.92	1016.00
717.13	1039.00
717.34	1033.00
717.55	1051.00
717.76	1041.00
717.97	1021.00
718.18	1037.00
718.39	1042.00
718.60	1036.00
718.81	1030.00
719.02	1025.00
719.23	1035.00
719.44	1021.00
719.65	1016.00
719.86	1016.00
720.07	1030.00
720.29	1008.00
720.50	1045.00
720.71	1009.00
720.92	1021.00
721.13	1005.00
721.34	1024.00
721.55	1017.00
721.76	1023.00
721.97	1022.00
722.18	1021.00
722.39	1025.00
722.60	1031.00
722.81	1018.00
723.02	1004.00
723.23	1017.00
723.44	1007.00
723.65	1024.00
723.86	1017.00
724.07	994.00
724.27	1015.00
724.48	1023.00
724.69	1014.00
724.90	991.00
725.11	1002.00
725.32	999.00
725.53	1007.00
725.74	981.00
725.95	1003.00
726.16	986.00
726.37	1001.00
726.58	987.00
726.79	985.00
727.00	964.00
727.21	1002.00
727.42	981.00
727.63	965.00
727.84	962.00
728.05	984.00
728.26	993.00
728.47	978.00
728.68	970.00
728.89	982.00
729.10	962.00
729.31	967.00
729.52	959.00
729.73	963.00
729.94	967.00
730.14	959.00
730.35	973.00
730.56	951.00
730.77	965.00
730.98	961.00
731.19	949.00
731.40	953.00
731.61	949.00
731.82	949.00
732.03	937.00
732.24	958.00
732.45	935.00
732.66	927.00
732.87	942.00
733.08	948.00
733.28	947.00
733.49	938.00
733.70	927.00
733.91	940.00
734.12	934.00
734.33	937.00
734.54	923.00
734.75	925.00
734.96	926.00
735.17	930.00
735.38	914.00
735.59	914.00
735.79	924.00
736.00	916.00
736.21	905.00
736.42	912.00
736.63	909.00
736.84	899.00
737.05	907.00
737.26	897.00
737.47	909.00
737.67	895.00
737.88	907.00
738.09	892.00
738.30	895.00
738.51	897.00
738.72	896.00
738.93	879.00
739.14	882.00
739.35	900.00
739.55	885.00
739.76	880.00
739.97	898.00
740.18	873.00
740.39	887.00
740.60	875.00
740.81	878.00
741.02	879.00
741.22	871.00
741.43	884.00
741.64	870.00
741.85	877.00
742.06	884.00
742.27	864.00
742.48	874.00
742.68	845.00
742.89	862.00
743.10	859.00
743.31	869.00
743.52	845.00
743.73	863.00
743.93	866.00
744.14	860.00
744.35	847.00
744.56	853.00
744.77	859.00
744.98	853.00
745.19	857.00
745.39	860.00
745.60	834.00
745.81	852.00
746.02	859.00
746.23	842.00
746.43	825.00
746.64	846.00
746.85	854.00
747.06	837.00
747.27	852.00
747.48	816.00
747.68	831.00
747.89	822.00
748.10	825.00
748.31	833.00
748.52	824.00
748.72	812.00
748.93	821.00
749.14	817.00
749.35	814.00
749.56	834.00
749.77	837.00
749.97	813.00
750.18	814.00
750.39	824.00
750.60	827.00
750.81	804.00
751.01	790.00
751.22	808.00
751.43	807.00
751.64	814.00
751.84	794.00
752.05	792.00
752.26	796.00
752.47	801.00
752.68	787.00
752.88	788.00
753.09	790.00
753.30	775.00
753.51	787.00
753.71	799.00
753.92	783.00
754.13	768.00
754.34	789.00
754.55	793.00
754.75	765.00
754.96	764.00
755.17	768.00
755.38	789.00
755.58	774.00
755.79	777.00
756.00	771.00
756.21	774.00
756.41	777.00
756.62	769.00
756.83	764.00
757.04	766.00
757.24	775.00
757.45	750.00
757.66	763.00
757.87	761.00
758.07	749.00
758.28	756.00
758.49	765.00
758.70	745.00
758.90	754.00
759.11	755.00
759.32	747.00
759.52	753.00
759.73	756.00
759.94	751.00
760.15	751.00
760.35	758.00
760.56	751.00
760.77	731.00
760.98	754.00
761.18	755.00
761.39	744.00
761.60	741.00
761.80	738.00
762.01	724.00
762.22	730.00
762.43	734.00
762.63	736.00
762.84	741.00
763.05	708.00
763.25	725.00
763.46	736.00
763.67	732.00
763.87	733.00
764.08	725.00
764.29	731.00
764.50	735.00
764.70	716.00
764.91	725.00
765.12	710.00
765.32	725.00
765.53	725.00
765.74	717.00
765.94	721.00
766.15	712.00
766.36	712.00
766.56	707.00
766.77	717.00
766.98	708.00
767.18	704.00
767.39	703.00
767.60	690.00
767.80	702.00
768.01	711.00
768.22	702.00
768.42	710.00
768.63	692.00
768.84	716.00
769.04	698.00
769.25	698.00
769.46	703.00
769.66	694.00
769.87	701.00
770.08	675.00
770.28	691.00
770.49	686.00
770.70	694.00
770.90	689.00
771.11	694.00
771.32	686.00
771.52	670.00
771.73	680.00
771.93	666.00
772.14	674.00
772.35	673.00
772.55	671.00
772.76	670.00
772.97	657.00
773.17	648.00
773.38	664.00
773.59	643.00
773.79	631.00
774.00	644.00
774.20	649.00
774.41	629.00
774.62	623.00
774.82	622.00
775.03	619.00
775.23	623.00
775.44	612.00
775.65	606.00
775.85	605.00
776.06	593.00
776.27	607.00
776.47	593.00
776.68	591.00
776.88	588.00
777.09	579.00
777.30	580.00
777.50	575.00
777.71	573.00
777.91	562.00
778.12	576.00
778.32	559.00
778.53	543.00
778.74	545.00
778.94	529.00
779.15	542.00
779.35	542.00
779.56	534.00
779.77	525.00
779.97	527.00
780.18	509.00
780.38	518.00
780.59	509.00
780.79	513.00
781.00	505.00
781.21	505.00
781.41	494.00
781.62	487.00
781.82	488.00
782.03	483.00
782.23	489.00
782.44	491.00
782.64	476.00
782.85	450.00
783.06	463.00
783.26	469.00
783.47	464.00
783.67	458.00
783.88	459.00
784.08	460.00
784.29	445.00
784.49	428.00
784.70	438.00
784.90	432.00
785.11	430.00
785.32	430.00
785.52	421.00
785.73	417.00
785.93	415.00
786.14	411.00
786.34	414.00
786.55	410.00
786.75	391.00
786.96	395.00
787.16	395.00
787.37	387.00
787.57	385.00
787.78	385.00
787.98	377.00
788.19	366.00
788.39	377.00
788.60	361.00
788.80	357.00
789.01	359.00
789.21	360.00