applied voltage (volts)	measured current (nanoamps)	measured temperature (deg C)
-3.000000E+0	-4.399250E+4
-2.995000E+0	-4.394481E+4
-2.990000E+0	-4.438876E+4
-2.985000E+0	-4.414541E+4
-2.980000E+0	-4.398099E+4
-2.975000E+0	-4.428024E+4
-2.970000E+0	-4.404182E+4
-2.965000E+0	-4.394317E+4
-2.960000E+0	-4.423256E+4
-2.955000E+0	-4.388398E+4
-2.950000E+0	-4.386753E+4
-2.945000E+0	-4.437232E+4
-2.940000E+0	-4.384287E+4
-2.935000E+0	-4.396126E+4
-2.930000E+0	-4.420132E+4
-2.925000E+0	-4.374093E+4
-2.920000E+0	-4.384945E+4
-2.915000E+0	-4.401223E+4
-2.910000E+0	-4.360774E+4
-2.905000E+0	-4.381821E+4
-2.900000E+0	-4.388562E+4
-2.895000E+0	-4.358965E+4
-2.890000E+0	-4.373270E+4
-2.885000E+0	-4.372942E+4
-2.880000E+0	-4.362912E+4
-2.875000E+0	-4.392015E+4
-2.870000E+0	-4.370640E+4
-2.865000E+0	-4.329204E+4
-2.860000E+0	-4.387082E+4
-2.855000E+0	-4.359459E+4
-2.850000E+0	-4.326409E+4
-2.845000E+0	-4.382643E+4
-2.840000E+0	-4.362583E+4
-2.835000E+0	-4.334630E+4
-2.830000E+0	-4.380505E+4
-2.825000E+0	-4.340221E+4
-2.820000E+0	-4.323285E+4
-2.815000E+0	-4.381985E+4
-2.810000E+0	-4.330520E+4
-2.805000E+0	-4.327725E+4
-2.800000E+0	-4.353375E+4
-2.795000E+0	-4.303883E+4
-2.790000E+0	-4.324272E+4
-2.785000E+0	-4.338248E+4
-2.780000E+0	-4.293853E+4
-2.775000E+0	-4.312104E+4
-2.770000E+0	-4.332000E+4
-2.765000E+0	-4.297635E+4
-2.760000E+0	-4.311611E+4
-2.755000E+0	-4.312433E+4
-2.750000E+0	-4.278890E+4
-2.745000E+0	-4.314077E+4
-2.740000E+0	-4.300594E+4
-2.735000E+0	-4.274780E+4
-2.730000E+0	-4.291715E+4
-2.725000E+0	-4.286125E+4
-2.720000E+0	-4.251267E+4
-2.715000E+0	-4.285960E+4
-2.710000E+0	-4.286125E+4
-2.705000E+0	-4.254391E+4
-2.700000E+0	-4.279383E+4
-2.695000E+0	-4.269847E+4
-2.690000E+0	-4.237619E+4
-2.685000E+0	-4.282014E+4
-2.680000E+0	-4.263105E+4
-2.675000E+0	-4.233015E+4
-2.670000E+0	-4.264750E+4
-2.665000E+0	-4.240743E+4
-2.660000E+0	-4.208352E+4
-2.655000E+0	-4.252747E+4
-2.650000E+0	-4.228083E+4
-2.645000E+0	-4.223808E+4
-2.640000E+0	-4.236468E+4
-2.635000E+0	-4.207530E+4
-2.630000E+0	-4.202432E+4
-2.625000E+0	-4.209996E+4
-2.620000E+0	-4.184346E+4
-2.615000E+0	-4.193718E+4
-2.610000E+0	-4.205885E+4
-2.605000E+0	-4.167410E+4
-2.600000E+0	-4.198979E+4
-2.595000E+0	-4.198815E+4
-2.590000E+0	-4.151132E+4
-2.585000E+0	-4.199637E+4
-2.580000E+0	-4.192238E+4
-2.575000E+0	-4.130085E+4
-2.570000E+0	-4.164943E+4
-2.565000E+0	-4.180070E+4
-2.560000E+0	-4.114300E+4
-2.555000E+0	-4.152447E+4
-2.550000E+0	-4.146199E+4
-2.545000E+0	-4.114136E+4
-2.540000E+0	-4.148336E+4
-2.535000E+0	-4.128112E+4
-2.530000E+0	-4.100653E+4
-2.525000E+0	-4.137484E+4
-2.520000E+0	-4.121535E+4
-2.515000E+0	-4.086677E+4
-2.510000E+0	-4.113971E+4
-2.505000E+0	-4.110354E+4
-2.500000E+0	-4.071550E+4
-2.495000E+0	-4.098844E+4
-2.490000E+0	-4.073194E+4
-2.485000E+0	-4.054449E+4
-2.480000E+0	-4.074838E+4
-2.475000E+0	-4.040802E+4
-2.470000E+0	-4.044419E+4
-2.465000E+0	-4.076482E+4
-2.460000E+0	-4.035541E+4
-2.455000E+0	-4.026662E+4
-2.450000E+0	-4.051983E+4
-2.445000E+0	-4.012192E+4
-2.440000E+0	-4.032581E+4
-2.435000E+0	-4.020249E+4
-2.430000E+0	-3.992297E+4
-2.425000E+0	-4.002655E+4
-2.420000E+0	-4.009232E+4
-2.415000E+0	-3.980622E+4
-2.410000E+0	-4.000353E+4
-2.405000E+0	-3.985555E+4
-2.400000E+0	-3.942476E+4
-2.395000E+0	-3.995585E+4
-2.390000E+0	-3.971086E+4
-2.385000E+0	-3.917319E+4
-2.380000E+0	-3.954314E+4
-2.375000E+0	-3.943462E+4
-2.370000E+0	-3.892490E+4
-2.365000E+0	-3.927020E+4
-2.360000E+0	-3.921100E+4
-2.355000E+0	-3.877363E+4
-2.350000E+0	-3.926033E+4
-2.345000E+0	-3.896272E+4
-2.340000E+0	-3.870293E+4
-2.335000E+0	-3.913372E+4
-2.330000E+0	-3.871279E+4
-2.325000E+0	-3.853850E+4
-2.320000E+0	-3.886078E+4
-2.315000E+0	-3.847602E+4
-2.310000E+0	-3.824911E+4
-2.305000E+0	-3.858948E+4
-2.300000E+0	-3.818499E+4
-2.295000E+0	-3.812415E+4
-2.290000E+0	-3.842012E+4
-2.285000E+0	-3.791862E+4
-2.280000E+0	-3.792355E+4
-2.275000E+0	-3.807647E+4
-2.270000E+0	-3.766047E+4
-2.265000E+0	-3.769829E+4
-2.260000E+0	-3.772131E+4
-2.255000E+0	-3.735464E+4
-2.250000E+0	-3.742205E+4
-2.245000E+0	-3.747138E+4
-2.240000E+0	-3.688603E+4
-2.235000E+0	-3.721323E+4
-2.230000E+0	-3.718364E+4
-2.225000E+0	-3.679066E+4
-2.220000E+0	-3.700113E+4
-2.215000E+0	-3.698304E+4
-2.210000E+0	-3.643879E+4
-2.205000E+0	-3.683177E+4
-2.200000E+0	-3.664926E+4
-2.195000E+0	-3.623326E+4
-2.190000E+0	-3.646017E+4
-2.185000E+0	-3.630232E+4
-2.180000E+0	-3.587974E+4
-2.175000E+0	-3.643715E+4
-2.170000E+0	-3.605568E+4
-2.165000E+0	-3.566764E+4
-2.160000E+0	-3.599977E+4
-2.155000E+0	-3.559693E+4
-2.150000E+0	-3.550485E+4
-2.145000E+0	-3.586495E+4
-2.140000E+0	-3.545059E+4
-2.135000E+0	-3.496554E+4
-2.130000E+0	-3.532892E+4
-2.125000E+0	-3.496061E+4
-2.120000E+0	-3.480276E+4
-2.115000E+0	-3.505926E+4
-2.110000E+0	-3.463998E+4
-2.105000E+0	-3.448377E+4
-2.100000E+0	-3.470246E+4
-2.095000E+0	-3.435881E+4
-2.090000E+0	-3.415821E+4
-2.085000E+0	-3.444431E+4
-2.080000E+0	-3.385731E+4
-2.075000E+0	-3.383265E+4
-2.070000E+0	-3.402009E+4
-2.065000E+0	-3.365507E+4
-2.060000E+0	-3.363040E+4
-2.055000E+0	-3.371591E+4
-2.050000E+0	-3.313548E+4
-2.045000E+0	-3.310918E+4
-2.040000E+0	-3.329662E+4
-2.035000E+0	-3.273593E+4
-2.030000E+0	-3.294804E+4
-2.025000E+0	-3.299079E+4
-2.020000E+0	-3.253697E+4
-2.015000E+0	-3.247120E+4
-2.010000E+0	-3.266194E+4
-2.005000E+0	-3.198286E+4
-2.000000E+0	-3.217853E+4
-1.995000E+0	-3.230842E+4
-1.990000E+0	-3.172636E+4
-1.985000E+0	-3.179542E+4
-1.980000E+0	-3.180199E+4
-1.975000E+0	-3.143532E+4
-1.970000E+0	-3.146492E+4
-1.965000E+0	-3.137284E+4
-1.960000E+0	-3.084010E+4
-1.955000E+0	-3.115909E+4
-1.950000E+0	-3.104728E+4
-1.945000E+0	-3.055071E+4
-1.940000E+0	-3.093547E+4
-1.935000E+0	-3.068226E+4
-1.930000E+0	-3.027777E+4
-1.925000E+0	-3.054414E+4
-1.920000E+0	-3.020542E+4
-1.915000E+0	-2.986835E+4
-1.910000E+0	-3.027941E+4
-1.905000E+0	-2.975654E+4
-1.900000E+0	-2.949675E+4
-1.895000E+0	-2.989795E+4
-1.890000E+0	-2.944084E+4
-1.885000E+0	-2.924024E+4
-1.880000E+0	-2.946386E+4
-1.875000E+0	-2.877656E+4
-1.870000E+0	-2.875848E+4
-1.865000E+0	-2.897387E+4
-1.860000E+0	-2.830466E+4
-1.855000E+0	-2.837537E+4
-1.850000E+0	-2.854144E+4
-1.845000E+0	-2.779494E+4
-1.840000E+0	-2.797088E+4
-1.835000E+0	-2.803007E+4
-1.830000E+0	-2.730496E+4
-1.825000E+0	-2.773246E+4
-1.820000E+0	-2.744143E+4
-1.815000E+0	-2.697611E+4
-1.810000E+0	-2.717177E+4
-1.805000E+0	-2.692513E+4
-1.800000E+0	-2.654367E+4
-1.795000E+0	-2.688074E+4
-1.790000E+0	-2.656011E+4
-1.785000E+0	-2.614411E+4
-1.780000E+0	-2.636280E+4
-1.775000E+0	-2.601093E+4
-1.770000E+0	-2.583664E+4
-1.765000E+0	-2.604217E+4
-1.760000E+0	-2.557027E+4
-1.755000E+0	-2.531212E+4
-1.750000E+0	-2.566892E+4
-1.745000E+0	-2.501615E+4
-1.740000E+0	-2.491421E+4
-1.735000E+0	-2.503589E+4
-1.730000E+0	-2.457878E+4
-1.725000E+0	-2.436996E+4
-1.720000E+0	-2.459029E+4
-1.715000E+0	-2.391286E+4
-1.710000E+0	-2.378625E+4
-1.705000E+0	-2.413319E+4
-1.700000E+0	-2.336203E+4
-1.695000E+0	-2.361360E+4
-1.690000E+0	-2.345082E+4
-1.685000E+0	-2.306936E+4
-1.680000E+0	-2.307100E+4
-1.675000E+0	-2.292959E+4
-1.670000E+0	-2.249716E+4
-1.665000E+0	-2.261883E+4
-1.660000E+0	-2.252346E+4
-1.655000E+0	-2.184439E+4
-1.650000E+0	-2.213542E+4
-1.645000E+0	-2.191345E+4
-1.640000E+0	-2.147114E+4
-1.635000E+0	-2.187563E+4
-1.630000E+0	-2.141688E+4
-1.625000E+0	-2.119162E+4
-1.620000E+0	-2.131329E+4
-1.615000E+0	-2.095649E+4
-1.610000E+0	-2.066381E+4
-1.605000E+0	-2.083810E+4
-1.600000E+0	-2.045828E+4
-1.595000E+0	-2.011792E+4
-1.590000E+0	-2.039580E+4
-1.585000E+0	-1.984991E+4
-1.580000E+0	-1.966411E+4
-1.575000E+0	-1.991732E+4
-1.570000E+0	-1.922016E+4
-1.565000E+0	-1.913794E+4
-1.560000E+0	-1.926455E+4
-1.555000E+0	-1.860356E+4
-1.550000E+0	-1.852135E+4
-1.545000E+0	-1.865453E+4
-1.540000E+0	-1.815139E+4
-1.535000E+0	-1.791133E+4
-1.530000E+0	-1.806260E+4
-1.525000E+0	-1.751342E+4
-1.520000E+0	-1.755124E+4
-1.515000E+0	-1.732598E+4
-1.510000E+0	-1.683928E+4
-1.505000E+0	-1.702837E+4
-1.500000E+0	-1.658606E+4
-1.495000E+0	-1.627036E+4
-1.490000E+0	-1.642657E+4
-1.485000E+0	-1.605990E+4
-1.480000E+0	-1.564061E+4
-1.475000E+0	-1.584943E+4
-1.470000E+0	-1.557320E+4
-1.465000E+0	-1.516542E+4
-1.460000E+0	-1.535780E+4
-1.455000E+0	-1.498291E+4
-1.450000E+0	-1.456363E+4
-1.445000E+0	-1.479382E+4
-1.440000E+0	-1.417065E+4
-1.435000E+0	-1.394703E+4
-1.430000E+0	-1.396019E+4
-1.425000E+0	-1.348664E+4
-1.420000E+0	-1.327289E+4
-1.415000E+0	-1.348171E+4
-1.410000E+0	-1.280921E+4
-1.405000E+0	-1.276810E+4
-1.400000E+0	-1.290786E+4
-1.395000E+0	-1.199530E+4
-1.390000E+0	-1.193118E+4
-1.385000E+0	-1.205450E+4
-1.380000E+0	-1.142146E+4
-1.375000E+0	-1.131294E+4
-1.370000E+0	-1.120606E+4
-1.365000E+0	-1.077526E+4
-1.360000E+0	-1.070127E+4
-1.355000E+0	-1.069634E+4
-1.350000E+0	-9.984379E+3
-1.345000E+0	-1.011756E+4
-1.340000E+0	-9.847905E+3
-1.335000E+0	-9.433553E+3
-1.330000E+0	-9.486169E+3
-1.325000E+0	-9.117856E+3
-1.320000E+0	-8.548944E+3
-1.315000E+0	-9.099770E+3
-1.310000E+0	-8.512771E+3
-1.305000E+0	-7.960301E+3
-1.300000E+0	-8.075399E+3
-1.295000E+0	-7.562391E+3
-1.290000E+0	-7.207233E+3
-1.285000E+0	-7.386456E+3
-1.280000E+0	-6.776438E+3
-1.275000E+0	-6.480472E+3
-1.270000E+0	-6.717245E+3
-1.265000E+0	-5.840857E+3
-1.260000E+0	-5.766865E+3
-1.255000E+0	-5.745490E+3
-1.250000E+0	-5.049970E+3
-1.245000E+0	-4.905276E+3
-1.240000E+0	-4.966113E+3
-1.235000E+0	-4.129188E+3
-1.230000E+0	-4.097947E+3
-1.225000E+0	-4.112745E+3
-1.220000E+0	-3.346523E+3
-1.215000E+0	-3.349811E+3
-1.210000E+0	-3.185386E+3
-1.205000E+0	-2.450404E+3
-1.200000E+0	-2.562213E+3
-1.195000E+0	-2.249805E+3
-1.190000E+0	-1.547708E+3
-1.185000E+0	-1.531266E+3
-1.180000E+0	-1.281339E+3
-1.175000E+0	-6.367911E+2
-1.170000E+0	-6.663877E+2
-1.165000E+0	-3.178058E+2
-1.160000E+0	2.182212E+2
-1.155000E+0	1.672494E+2
-1.150000E+0	5.963998E+2
-1.145000E+0	1.040349E+3
-1.140000E+0	1.043637E+3
-1.135000E+0	1.660233E+3
-1.130000E+0	2.013747E+3
-1.125000E+0	2.030190E+3
-1.120000E+0	2.539909E+3
-1.115000E+0	2.921376E+3
-1.110000E+0	3.043051E+3
-1.105000E+0	3.708974E+3
-1.100000E+0	4.080575E+3
-1.095000E+0	4.118393E+3
-1.090000E+0	4.827067E+3
-1.085000E+0	4.938876E+3
-1.080000E+0	5.131254E+3
-1.075000E+0	5.936939E+3
-1.070000E+0	6.144115E+3
-1.065000E+0	6.265790E+3
-1.060000E+0	7.071474E+3
-1.055000E+0	7.260564E+3
-1.050000E+0	7.250698E+3
-1.045000E+0	8.062960E+3
-1.040000E+0	8.250405E+3
-1.035000E+0	8.408253E+3
-1.030000E+0	9.128437E+3
-1.025000E+0	9.820668E+3
-1.020000E+0	9.868351E+3
-1.015000E+0	1.053099E+4
-1.010000E+0	1.060333E+4
-1.005000E+0	1.136133E+4
-1.000000E+0	1.181515E+4
-9.950000E-1	1.191052E+4
-9.900000E-1	1.171978E+4
-9.850000E-1	1.325387E+4
-9.800000E-1	1.365178E+4
-9.750000E-1	1.419439E+4
-9.700000E-1	1.408093E+4
-9.650000E-1	1.476823E+4
-9.600000E-1	1.533221E+4
-9.550000E-1	1.473699E+4
-9.500000E-1	1.565284E+4
-9.450000E-1	1.726585E+4
-9.400000E-1	1.620531E+4
-9.350000E-1	1.712445E+4
-9.300000E-1	1.818828E+4
-9.250000E-1	1.870786E+4
-9.200000E-1	1.875884E+4
-9.150000E-1	1.979636E+4
-9.100000E-1	1.999367E+4
-9.050000E-1	2.031595E+4
-9.000000E-1	2.141102E+4
-8.950000E-1	2.173987E+4
-8.900000E-1	2.199966E+4
-8.850000E-1	2.313255E+4
-8.800000E-1	2.334302E+4
-8.750000E-1	2.382807E+4
-8.700000E-1	2.484422E+4
-8.650000E-1	2.501851E+4
-8.600000E-1	2.594094E+4
-8.550000E-1	2.669401E+4
-8.500000E-1	2.689296E+4
-8.450000E-1	2.758026E+4
-8.400000E-1	2.859641E+4
-8.350000E-1	2.881839E+4
-8.300000E-1	2.952706E+4
-8.250000E-1	3.054814E+4
-8.200000E-1	3.073559E+4
-8.150000E-1	3.169419E+4
-8.100000E-1	3.264128E+4
-8.050000E-1	3.292902E+4
-8.000000E-1	3.382679E+4
-7.950000E-1	3.479361E+4
-7.900000E-1	3.510273E+4
-7.850000E-1	3.625370E+4
-7.800000E-1	3.697553E+4
-7.750000E-1	3.740962E+4
-7.700000E-1	3.845701E+4
-7.650000E-1	3.937779E+4
-7.600000E-1	3.970993E+4
-7.550000E-1	4.101875E+4
-7.500000E-1	4.186061E+4
-7.450000E-1	4.232100E+4
-7.400000E-1	4.381563E+4
-7.350000E-1	4.429904E+4
-7.300000E-1	4.508828E+4
-7.250000E-1	4.660264E+4
-7.200000E-1	4.735571E+4
-7.150000E-1	4.789338E+4
-7.100000E-1	4.930744E+4
-7.050000E-1	5.005722E+4
-7.000000E-1	5.097472E+4
-6.950000E-1	5.256142E+4
-6.900000E-1	5.321584E+4
-6.850000E-1	5.417279E+4
-6.800000E-1	5.566413E+4
-6.750000E-1	5.668357E+4
-6.700000E-1	5.766848E+4
-6.650000E-1	5.901183E+4
-6.600000E-1	5.997043E+4
-6.550000E-1	6.116581E+4
-6.500000E-1	6.262426E+4
-6.450000E-1	6.366507E+4
-6.400000E-1	6.494266E+4
-6.350000E-1	6.645702E+4
-6.300000E-1	6.735807E+4
-6.250000E-1	6.896122E+4
-6.200000E-1	7.027827E+4
-6.150000E-1	7.133223E+4
-6.100000E-1	7.297320E+4
-6.050000E-1	7.456484E+4
-6.000000E-1	7.566978E+4
-5.950000E-1	7.772509E+4
-5.900000E-1	7.919999E+4
-5.850000E-1	8.019970E+4
-5.800000E-1	8.233230E+4
-5.750000E-1	8.386639E+4
-5.700000E-1	8.539554E+4
-5.650000E-1	8.755774E+4
-5.600000E-1	8.892247E+4
-5.550000E-1	9.062592E+4
-5.500000E-1	9.269932E+4
-5.450000E-1	9.424656E+4
-5.400000E-1	9.632984E+4
-5.350000E-1	9.836542E+4
-5.300000E-1	1.000968E+5
-5.250000E-1	1.021357E+5
-5.200000E-1	1.045001E+5
-5.150000E-1	1.062644E+5
-5.100000E-1	1.085220E+5
-5.050000E-1	1.107746E+5
-5.000000E-1	1.125800E+5
-4.950000E-1	1.150760E+5
-4.900000E-1	1.175917E+5
-4.850000E-1	1.195747E+5
-4.800000E-1	1.221940E+5
-4.750000E-1	1.247327E+5
-4.700000E-1	1.266482E+5
-4.650000E-1	1.296112E+5
-4.600000E-1	1.325413E+5
-4.550000E-1	1.345275E+5
-4.500000E-1	1.376105E+5
-4.450000E-1	1.406589E+5
-4.400000E-1	1.427636E+5
-4.350000E-1	1.464862E+5
-4.300000E-1	1.494376E+5
-4.250000E-1	1.518185E+5
-4.200000E-1	1.555625E+5
-4.150000E-1	1.586405E+5
-4.100000E-1	1.615130E+5
-4.050000E-1	1.650975E+5
-4.000000E-1	1.683909E+5
-3.950000E-1	1.715578E+5
-3.900000E-1	1.754448E+5
-3.850000E-1	1.787185E+5
-3.800000E-1	1.821714E+5
-3.750000E-1	1.863889E+5
-3.700000E-1	1.897301E+5
-3.650000E-1	1.933639E+5
-3.600000E-1	1.978905E+5
-3.550000E-1	2.011034E+5
-3.500000E-1	2.055199E+5
-3.450000E-1	2.099593E+5
-3.400000E-1	2.140157E+5
-3.350000E-1	2.174785E+5
-3.300000E-1	2.225182E+5
-3.250000E-1	2.269560E+5
-3.200000E-1	2.310272E+5
-3.150000E-1	2.359024E+5
-3.100000E-1	2.394918E+5
-3.050000E-1	2.452763E+5
-3.000000E-1	2.506826E+5
-2.950000E-1	2.543180E+5
-2.900000E-1	2.605185E+5
-2.850000E-1	2.648758E+5
-2.800000E-1	2.692117E+5
-2.750000E-1	2.752839E+5
-2.700000E-1	2.803104E+5
-2.650000E-1	2.852711E+5
-2.600000E-1	2.910112E+5
-2.550000E-1	2.962169E+5
-2.500000E-1	3.018058E+5
-2.450000E-1	3.074505E+5
-2.400000E-1	3.130804E+5
-2.350000E-1	3.187662E+5
-2.300000E-1	3.246642E+5
-2.250000E-1	3.305720E+5
-2.200000E-1	3.366015E+5
-2.150000E-1	3.427049E+5
-2.100000E-1	3.484746E+5
-2.050000E-1	3.543446E+5
-2.000000E-1	3.608246E+5
-1.950000E-1	3.670580E+5
-1.900000E-1	3.732536E+5
-1.850000E-1	3.799161E+5
-1.800000E-1	3.857762E+5
-1.750000E-1	3.923680E+5
-1.700000E-1	3.992788E+5
-1.650000E-1	4.055500E+5
-1.600000E-1	4.124033E+5
-1.550000E-1	4.192236E+5
-1.500000E-1	4.254044E+5
-1.450000E-1	4.329203E+5
-1.400000E-1	4.396831E+5
-1.350000E-1	4.461434E+5
-1.300000E-1	4.532811E+5
-1.250000E-1	4.605848E+5
-1.200000E-1	4.671816E+5
-1.150000E-1	4.751875E+5
-1.100000E-1	4.822167E+5
-1.050000E-1	4.890436E+5
-1.000000E-1	4.965924E+5
-9.500000E-2	5.039554E+5
-9.000000E-2	5.115156E+5
-8.500000E-2	5.191631E+5
-8.000000E-2	5.265260E+5
-7.500000E-2	5.339055E+5
-7.000000E-2	5.417617E+5
-6.500000E-2	5.494667E+5
-6.000000E-2	5.572045E+5
-5.500000E-2	5.651907E+5
-5.000000E-2	5.725043E+5
-4.500000E-2	5.802751E+5
-4.000000E-2	5.884470E+5
-3.500000E-2	5.966601E+5
-3.000000E-2	6.044555E+5
-2.500000E-2	6.126768E+5
-2.000000E-2	6.204130E+5
-1.500000E-2	6.283975E+5
-1.000000E-2	6.372041E+5
-5.000000E-3	6.450192E+5
-1.483935E-13	6.533359E+5
5.000000E-3	6.616854E+5
1.000000E-2	6.696387E+5
1.500000E-2	6.786459E+5
2.000000E-2	6.869428E+5
2.500000E-2	6.951246E+5
3.000000E-2	7.037553E+5
3.500000E-2	7.124797E+5
4.000000E-2	7.206007E+5
4.500000E-2	7.299088E+5
5.000000E-2	7.385099E+5
5.500000E-2	7.465553E+5
6.000000E-2	7.557927E+5
6.500000E-2	7.642968E+5
7.000000E-2	7.731478E+5
7.500000E-2	7.824839E+5
8.000000E-2	7.910028E+5
8.500000E-2	7.996203E+5
9.000000E-2	8.088495E+5
9.500000E-2	8.179866E+5
1.000000E-1	8.269577E+5
1.050000E-1	8.360570E+5
1.100000E-1	8.447304E+5
1.150000E-1	8.537903E+5
1.200000E-1	8.629899E+5
1.250000E-1	8.723687E+5
1.300000E-1	8.812855E+5
1.350000E-1	8.909110E+5
1.400000E-1	8.994742E+5
1.450000E-1	9.088580E+5
1.500000E-1	9.186446E+5
1.550000E-1	9.273937E+5
1.600000E-1	9.369106E+5
1.650000E-1	9.462960E+5
1.700000E-1	9.550879E+5
1.750000E-1	9.650849E+5
1.800000E-1	9.746627E+5
1.850000E-1	9.834677E+5
1.900000E-1	9.932921E+5
1.950000E-1	1.002770E+6
2.000000E-1	1.011723E+6
2.050000E-1	1.022093E+6
2.100000E-1	1.031478E+6
2.150000E-1	1.040564E+6
2.200000E-1	1.050547E+6
2.250000E-1	1.059830E+6
2.300000E-1	1.069794E+6
2.350000E-1	1.079759E+6
2.400000E-1	1.088871E+6
2.450000E-1	1.098422E+6
2.500000E-1	1.108253E+6
2.550000E-1	1.117973E+6
2.600000E-1	1.127633E+6
2.650000E-1	1.137737E+6
2.700000E-1	1.146762E+6
2.750000E-1	1.156524E+6
2.800000E-1	1.166555E+6
2.850000E-1	1.176187E+6
2.900000E-1	1.186119E+6
2.950000E-1	1.196195E+6
3.000000E-1	1.205241E+6
3.050000E-1	1.215020E+6
3.100000E-1	1.225630E+6
3.150000E-1	1.234818E+6
3.200000E-1	1.244761E+6
3.250000E-1	1.254681E+6
3.300000E-1	1.263974E+6
3.350000E-1	1.274594E+6
3.400000E-1	1.284361E+6
3.450000E-1	1.293928E+6
3.500000E-1	1.303984E+6
3.550000E-1	1.313627E+6
3.600000E-1	1.323001E+6
3.650000E-1	1.333694E+6
3.700000E-1	1.343518E+6
3.750000E-1	1.353126E+6
3.800000E-1	1.363065E+6
3.850000E-1	1.372674E+6
3.900000E-1	1.382870E+6
3.950000E-1	1.392780E+6
4.000000E-1	1.402133E+6
4.050000E-1	1.411786E+6
4.100000E-1	1.421708E+6
4.150000E-1	1.431928E+6
4.200000E-1	1.441475E+6
4.250000E-1	1.451501E+6
4.300000E-1	1.460522E+6
4.350000E-1	1.470588E+6
4.400000E-1	1.480388E+6
4.450000E-1	1.490258E+6
4.500000E-1	1.499954E+6
4.550000E-1	1.509147E+6
4.600000E-1	1.518988E+6
4.650000E-1	1.528928E+6
4.700000E-1	1.539255E+6
4.750000E-1	1.547490E+6
4.800000E-1	1.558059E+6
4.850000E-1	1.567308E+6
4.900000E-1	1.576614E+6
4.950000E-1	1.585538E+6
5.000000E-1	1.595277E+6
5.050000E-1	1.603713E+6
5.100000E-1	1.614444E+6
5.150000E-1	1.623877E+6
5.200000E-1	1.633736E+6
5.250000E-1	1.645203E+6
5.300000E-1	1.652495E+6
5.350000E-1	1.658730E+6
5.400000E-1	1.672828E+6
5.450000E-1	1.685563E+6
5.500000E-1	1.689187E+6
5.550000E-1	1.700356E+6
5.600000E-1	1.708984E+6
5.650000E-1	1.717950E+6
5.700000E-1	1.727424E+6
5.750000E-1	1.737066E+6
5.800000E-1	1.745815E+6
5.850000E-1	1.755192E+6
5.900000E-1	1.763806E+6
5.950000E-1	1.772873E+6
6.000000E-1	1.782089E+6
6.050000E-1	1.791065E+6
6.100000E-1	1.799936E+6
6.150000E-1	1.808821E+6
6.200000E-1	1.817409E+6
6.250000E-1	1.826326E+6
6.300000E-1	1.835581E+6
6.350000E-1	1.841573E+6
6.400000E-1	1.853681E+6
6.450000E-1	1.862032E+6
6.500000E-1	1.869598E+6
6.550000E-1	1.879111E+6
6.600000E-1	1.887655E+6
6.650000E-1	1.895666E+6
6.700000E-1	1.904449E+6
6.750000E-1	1.913003E+6
6.800000E-1	1.921171E+6
6.850000E-1	1.930160E+6
6.900000E-1	1.938471E+6
6.950000E-1	1.946603E+6
7.000000E-1	1.954967E+6
7.050000E-1	1.963182E+6
7.100000E-1	1.971842E+6
7.150000E-1	1.980536E+6
7.200000E-1	1.988301E+6
7.250000E-1	1.996227E+6
7.300000E-1	2.004708E+6
7.350000E-1	2.013087E+6
7.400000E-1	2.021009E+6
7.450000E-1	2.029222E+6
7.500000E-1	2.036891E+6
7.550000E-1	2.044783E+6
7.600000E-1	2.053039E+6
7.650000E-1	2.061125E+6
7.700000E-1	2.068799E+6
7.750000E-1	2.076950E+6
7.800000E-1	2.084138E+6
7.850000E-1	2.092082E+6
7.900000E-1	2.100439E+6
7.950000E-1	2.107511E+6
8.000000E-1	2.115491E+6
8.050000E-1	2.123064E+6
8.100000E-1	2.130386E+6
8.150000E-1	2.138808E+6
8.200000E-1	2.146234E+6
8.250000E-1	2.153266E+6
8.300000E-1	2.161257E+6
8.350000E-1	2.168589E+6
8.400000E-1	2.175949E+6
8.450000E-1	2.183869E+6
8.500000E-1	2.190908E+6
8.550000E-1	2.198130E+6
8.600000E-1	2.205757E+6
8.650000E-1	2.212719E+6
8.700000E-1	2.220293E+6
8.750000E-1	2.227762E+6
8.800000E-1	2.234586E+6
8.850000E-1	2.241803E+6
8.900000E-1	2.249108E+6
8.950000E-1	2.256203E+6
9.000000E-1	2.263448E+6
9.050000E-1	2.270728E+6
9.100000E-1	2.277299E+6
9.150000E-1	2.284331E+6
9.200000E-1	2.291926E+6
9.250000E-1	2.298451E+6
9.300000E-1	2.305758E+6
9.350000E-1	2.312501E+6
9.400000E-1	2.319015E+6
9.450000E-1	2.326161E+6
9.500000E-1	2.333572E+6
9.550000E-1	2.340011E+6
9.600000E-1	2.346999E+6
9.650000E-1	2.353844E+6
9.700000E-1	2.360071E+6
9.750000E-1	2.367659E+6
9.800000E-1	2.374418E+6
9.850000E-1	2.380777E+6
9.900000E-1	2.387569E+6
9.950000E-1	2.394176E+6
1.000000E+0	2.400866E+6
1.005000E+0	2.407928E+6
1.010000E+0	2.414244E+6
1.015000E+0	2.420504E+6
1.020000E+0	2.427534E+6
1.025000E+0	2.433587E+6
1.030000E+0	2.440386E+6
1.035000E+0	2.447358E+6
1.040000E+0	2.453348E+6
1.045000E+0	2.459953E+6
1.050000E+0	2.466508E+6
1.055000E+0	2.472914E+6
1.060000E+0	2.479373E+6
1.065000E+0	2.485937E+6
1.070000E+0	2.491895E+6
1.075000E+0	2.498236E+6
1.080000E+0	2.505255E+6
1.085000E+0	2.511117E+6
1.090000E+0	2.517518E+6
1.095000E+0	2.524034E+6
1.100000E+0	2.530039E+6
1.105000E+0	2.536359E+6
1.110000E+0	2.543001E+6
1.115000E+0	2.548811E+6
1.120000E+0	2.555142E+6
1.125000E+0	2.559963E+6
1.130000E+0	2.564867E+6
1.135000E+0	2.577272E+6
1.140000E+0	2.584628E+6
1.145000E+0	2.590355E+6
1.150000E+0	2.593673E+6
1.155000E+0	2.598044E+6
1.160000E+0	2.601855E+6
1.165000E+0	2.609588E+6
1.170000E+0	2.616831E+6
1.175000E+0	2.622724E+6
1.180000E+0	2.628798E+6
1.185000E+0	2.634015E+6
1.190000E+0	2.640615E+6
1.195000E+0	2.647624E+6
1.200000E+0	2.653004E+6
1.205000E+0	2.658860E+6
1.210000E+0	2.664899E+6
1.215000E+0	2.670815E+6
1.220000E+0	2.676774E+6
1.225000E+0	2.683134E+6
1.230000E+0	2.688216E+6
1.235000E+0	2.694275E+6
1.240000E+0	2.700597E+6
1.245000E+0	2.706116E+6
1.250000E+0	2.712074E+6
1.255000E+0	2.718170E+6
1.260000E+0	2.723658E+6
1.265000E+0	2.729531E+6
1.270000E+0	2.735707E+6
1.275000E+0	2.741377E+6
1.280000E+0	2.747219E+6
1.285000E+0	2.752745E+6
1.290000E+0	2.758224E+6
1.295000E+0	2.765006E+6
1.300000E+0	2.770480E+6
1.305000E+0	2.776039E+6
1.310000E+0	2.782468E+6
1.315000E+0	2.788029E+6
1.320000E+0	2.792204E+6
1.325000E+0	2.798781E+6
1.330000E+0	2.805596E+6
1.335000E+0	2.811001E+6
1.340000E+0	2.816277E+6
1.345000E+0	2.821606E+6
1.350000E+0	2.828146E+6
1.355000E+0	2.833751E+6
1.360000E+0	2.839019E+6
1.365000E+0	2.844488E+6
1.370000E+0	2.850322E+6
1.375000E+0	2.856228E+6
1.380000E+0	2.861463E+6
1.385000E+0	2.867340E+6
1.390000E+0	2.872557E+6
1.395000E+0	2.878188E+6
1.400000E+0	2.884182E+6
1.405000E+0	2.889213E+6
1.410000E+0	2.894771E+6
1.415000E+0	2.900601E+6
1.420000E+0	2.905846E+6
1.425000E+0	2.911351E+6
1.430000E+0	2.917302E+6
1.435000E+0	2.922210E+6
1.440000E+0	2.927782E+6
1.445000E+0	2.933401E+6
1.450000E+0	2.938457E+6
1.455000E+0	2.944511E+6
1.460000E+0	2.949756E+6
1.465000E+0	2.954954E+6
1.470000E+0	2.960806E+6
1.475000E+0	2.966174E+6
1.480000E+0	2.971526E+6
1.485000E+0	2.977273E+6
1.490000E+0	2.982579E+6
1.495000E+0	2.987257E+6
1.500000E+0	2.993288E+6
1.505000E+0	2.998383E+6
1.510000E+0	3.003824E+6
1.515000E+0	3.009413E+6
1.520000E+0	3.014417E+6
1.525000E+0	3.019621E+6
1.530000E+0	3.024994E+6
1.535000E+0	3.030430E+6
1.540000E+0	3.035517E+6
1.545000E+0	3.041022E+6
1.550000E+0	3.045952E+6
1.555000E+0	3.051125E+6
1.560000E+0	3.056929E+6
1.565000E+0	3.061640E+6
1.570000E+0	3.066853E+6
1.575000E+0	3.072232E+6
1.580000E+0	3.077020E+6
1.585000E+0	3.082334E+6
1.590000E+0	3.087714E+6
1.595000E+0	3.092404E+6
1.600000E+0	3.097846E+6
1.605000E+0	3.103088E+6
1.610000E+0	3.107656E+6
1.615000E+0	3.113417E+6
1.620000E+0	3.118513E+6
1.625000E+0	3.123220E+6
1.630000E+0	3.128654E+6
1.635000E+0	3.133556E+6
1.640000E+0	3.138655E+6
1.645000E+0	3.143999E+6
1.650000E+0	3.148751E+6
1.655000E+0	3.153366E+6
1.660000E+0	3.158703E+6
1.665000E+0	3.163613E+6
1.670000E+0	3.168715E+6
1.675000E+0	3.174199E+6
1.680000E+0	3.178648E+6
1.685000E+0	3.183239E+6
1.690000E+0	3.188436E+6
1.695000E+0	3.193560E+6
1.700000E+0	3.198497E+6
1.705000E+0	3.204810E+6
1.710000E+0	3.209021E+6
1.715000E+0	3.213694E+6
1.720000E+0	3.219044E+6
1.725000E+0	3.223281E+6
1.730000E+0	3.228025E+6
1.735000E+0	3.233604E+6
1.740000E+0	3.237438E+6
1.745000E+0	3.242840E+6
1.750000E+0	3.248606E+6
1.755000E+0	3.252677E+6
1.760000E+0	3.257355E+6
1.765000E+0	3.262186E+6
1.770000E+0	3.266589E+6
1.775000E+0	3.271680E+6
1.780000E+0	3.276506E+6
1.785000E+0	3.281092E+6
1.790000E+0	3.286161E+6
1.795000E+0	3.291311E+6
1.800000E+0	3.295668E+6
1.805000E+0	3.300594E+6
1.810000E+0	3.305109E+6
1.815000E+0	3.308993E+6
1.820000E+0	3.314602E+6
1.825000E+0	3.319250E+6
1.830000E+0	3.324609E+6
1.835000E+0	3.328870E+6
1.840000E+0	3.333198E+6
1.845000E+0	3.337634E+6
1.850000E+0	3.342094E+6
1.855000E+0	3.347209E+6
1.860000E+0	3.351926E+6
1.865000E+0	3.356718E+6
1.870000E+0	3.360641E+6
1.875000E+0	3.365325E+6
1.880000E+0	3.370684E+6
1.885000E+0	3.373476E+6
1.890000E+0	3.378558E+6
1.895000E+0	3.385993E+6
1.900000E+0	3.387629E+6
1.905000E+0	3.393181E+6
1.910000E+0	3.397316E+6
1.915000E+0	3.401415E+6
1.920000E+0	3.406386E+6
1.925000E+0	3.410823E+6
1.930000E+0	3.414737E+6
1.935000E+0	3.419816E+6
1.940000E+0	3.424007E+6
1.945000E+0	3.428026E+6
1.950000E+0	3.433142E+6
1.955000E+0	3.437858E+6
1.960000E+0	3.442044E+6
1.965000E+0	3.446627E+6
1.970000E+0	3.450790E+6
1.975000E+0	3.454972E+6
1.980000E+0	3.459881E+6
1.985000E+0	3.464158E+6
1.990000E+0	3.468497E+6
1.995000E+0	3.473126E+6
2.000000E+0	3.477238E+6
2.005000E+0	3.481336E+6
2.010000E+0	3.486045E+6
2.015000E+0	3.490484E+6
2.020000E+0	3.494726E+6
2.025000E+0	3.499149E+6
2.030000E+0	3.502977E+6
2.035000E+0	3.507139E+6
2.040000E+0	3.512118E+6
2.045000E+0	3.515885E+6
2.050000E+0	3.520275E+6
2.055000E+0	3.524795E+6
2.060000E+0	3.528721E+6
2.065000E+0	3.533056E+6
2.070000E+0	3.537400E+6
2.075000E+0	3.541214E+6
2.080000E+0	3.545718E+6
2.085000E+0	3.549661E+6
2.090000E+0	3.553883E+6
2.095000E+0	3.558836E+6
2.100000E+0	3.562838E+6
2.105000E+0	3.566521E+6
2.110000E+0	3.571026E+6
2.115000E+0	3.574619E+6
2.120000E+0	3.578897E+6
2.125000E+0	3.583825E+6
2.130000E+0	3.589039E+6
2.135000E+0	3.591557E+6
2.140000E+0	3.596797E+6
2.145000E+0	3.600626E+6
2.150000E+0	3.604304E+6
2.155000E+0	3.608991E+6
2.160000E+0	3.612514E+6
2.165000E+0	3.616344E+6
2.170000E+0	3.620379E+6
2.175000E+0	3.624800E+6
2.180000E+0	3.629297E+6
2.185000E+0	3.633260E+6
2.190000E+0	3.636557E+6
2.195000E+0	3.640983E+6
2.200000E+0	3.645268E+6
2.205000E+0	3.648816E+6
2.210000E+0	3.653053E+6
2.215000E+0	3.657319E+6
2.220000E+0	3.660913E+6
2.225000E+0	3.665333E+6
2.230000E+0	3.669249E+6
2.235000E+0	3.672771E+6
2.240000E+0	3.677054E+6
2.245000E+0	3.681058E+6
2.250000E+0	3.684797E+6
2.255000E+0	3.689206E+6
2.260000E+0	3.692953E+6
2.265000E+0	3.696396E+6
2.270000E+0	3.700599E+6
2.275000E+0	3.704722E+6
2.280000E+0	3.708468E+6
2.285000E+0	3.712593E+6
2.290000E+0	3.716244E+6
2.295000E+0	3.720037E+6
2.300000E+0	3.724384E+6
2.305000E+0	3.728247E+6
2.310000E+0	3.731910E+6
2.315000E+0	3.736221E+6
2.320000E+0	3.741052E+6
2.325000E+0	3.744107E+6
2.330000E+0	3.747828E+6
2.335000E+0	3.751482E+6
2.340000E+0	3.755551E+6
2.345000E+0	3.759737E+6
2.350000E+0	3.763840E+6
2.355000E+0	3.767502E+6
2.360000E+0	3.770900E+6
2.365000E+0	3.774245E+6
2.370000E+0	3.778240E+6
2.375000E+0	3.781902E+6
2.380000E+0	3.785422E+6
2.385000E+0	3.789410E+6
2.390000E+0	3.793055E+6
2.395000E+0	3.796926E+6
2.400000E+0	3.800933E+6
2.405000E+0	3.804543E+6
2.410000E+0	3.807480E+6
2.415000E+0	3.812671E+6
2.420000E+0	3.815810E+6
2.425000E+0	3.819334E+6
2.430000E+0	3.823513E+6
2.435000E+0	3.827108E+6
2.440000E+0	3.830848E+6
2.445000E+0	3.834714E+6
2.450000E+0	3.838361E+6
2.455000E+0	3.841635E+6
2.460000E+0	3.845147E+6
2.465000E+0	3.849219E+6
2.470000E+0	3.852348E+6
2.475000E+0	3.856816E+6
2.480000E+0	3.859465E+6
2.485000E+0	3.863786E+6
2.490000E+0	3.867497E+6
2.495000E+0	3.870465E+6
2.500000E+0	3.874416E+6
2.505000E+0	3.878632E+6
2.510000E+0	3.881542E+6
2.515000E+0	3.884686E+6
2.520000E+0	3.889558E+6
2.525000E+0	3.892051E+6
2.530000E+0	3.896720E+6
2.535000E+0	3.899964E+6
2.540000E+0	3.904052E+6
2.545000E+0	3.907398E+6
2.550000E+0	3.911239E+6
2.555000E+0	3.913668E+6
2.560000E+0	3.917227E+6
2.565000E+0	3.921313E+6
2.570000E+0	3.923994E+6
2.575000E+0	3.928548E+6
2.580000E+0	3.931389E+6
2.585000E+0	3.935324E+6
2.590000E+0	3.938438E+6
2.595000E+0	3.942592E+6
2.600000E+0	3.945403E+6
2.605000E+0	3.950009E+6
2.610000E+0	3.952979E+6
2.615000E+0	3.956330E+6
2.620000E+0	3.960149E+6
2.625000E+0	3.963618E+6
2.630000E+0	3.966701E+6
2.635000E+0	3.970625E+6
2.640000E+0	3.973869E+6
2.645000E+0	3.977036E+6
2.650000E+0	3.980924E+6
2.655000E+0	3.984136E+6
2.660000E+0	3.987608E+6
2.665000E+0	3.991334E+6
2.670000E+0	3.993899E+6
2.675000E+0	3.998108E+6
2.680000E+0	4.001348E+6
2.685000E+0	4.004881E+6
2.690000E+0	4.007882E+6
2.695000E+0	4.011910E+6
2.700000E+0	4.014105E+6
2.705000E+0	4.018765E+6
2.710000E+0	4.022182E+6
2.715000E+0	4.024660E+6
2.720000E+0	4.028846E+6
2.725000E+0	4.031969E+6
2.730000E+0	4.035084E+6
2.735000E+0	4.038156E+6
2.740000E+0	4.042222E+6
2.745000E+0	4.044588E+6
2.750000E+0	4.048791E+6
2.755000E+0	4.051871E+6
2.760000E+0	4.054741E+6
2.765000E+0	4.058869E+6
2.770000E+0	4.061588E+6
2.775000E+0	4.065168E+6
2.780000E+0	4.068672E+6
2.785000E+0	4.071934E+6
2.790000E+0	4.075352E+6
2.795000E+0	4.078549E+6
2.800000E+0	4.081743E+6
2.805000E+0	4.084859E+6
2.810000E+0	4.088970E+6
2.815000E+0	4.091594E+6
2.820000E+0	4.095272E+6
2.825000E+0	4.098184E+6
2.830000E+0	4.101243E+6
2.835000E+0	4.104335E+6
2.840000E+0	4.107826E+6
2.845000E+0	4.111121E+6
2.850000E+0	4.114448E+6
2.855000E+0	4.117254E+6
2.860000E+0	4.120702E+6
2.865000E+0	4.123792E+6
2.870000E+0	4.127452E+6
2.875000E+0	4.130190E+6
2.880000E+0	4.133508E+6
2.885000E+0	4.137286E+6
2.890000E+0	4.139485E+6
2.895000E+0	4.143997E+6
2.900000E+0	4.146450E+6
2.905000E+0	4.149855E+6
2.910000E+0	4.152889E+6
2.915000E+0	4.156675E+6
2.920000E+0	4.159076E+6
2.925000E+0	4.163113E+6
2.930000E+0	4.166158E+6
2.935000E+0	4.168465E+6
2.940000E+0	4.172588E+6
2.945000E+0	4.175132E+6
2.950000E+0	4.178878E+6
2.955000E+0	4.181997E+6
2.960000E+0	4.185220E+6
2.965000E+0	4.187586E+6
2.970000E+0	4.191683E+6
2.975000E+0	4.194112E+6
2.980000E+0	4.197303E+6
2.985000E+0	4.200322E+6
2.990000E+0	4.203571E+6
2.995000E+0	4.206238E+6
3.000000E+0	4.210283E+6
3.005000E+0	4.212837E+6
3.010000E+0	4.215670E+6
3.015000E+0	4.219450E+6
3.020000E+0	4.222002E+6
3.025000E+0	4.225259E+6
3.030000E+0	4.228488E+6
3.035000E+0	4.231231E+6
3.040000E+0	4.234274E+6
3.045000E+0	4.237729E+6
3.050000E+0	4.240455E+6
3.055000E+0	4.244232E+6
3.060000E+0	4.246480E+6
3.065000E+0	4.249877E+6
3.070000E+0	4.252734E+6
3.075000E+0	4.256197E+6
3.080000E+0	4.259012E+6
3.085000E+0	4.262500E+6
3.090000E+0	4.265423E+6
3.095000E+0	4.268278E+6
3.100000E+0	4.271360E+6
3.105000E+0	4.274254E+6
3.110000E+0	4.277615E+6
3.115000E+0	4.280690E+6
3.120000E+0	4.283179E+6
3.125000E+0	4.286460E+6
3.130000E+0	4.289137E+6
3.135000E+0	4.292706E+6
3.140000E+0	4.295483E+6
3.145000E+0	4.298208E+6
3.150000E+0	4.301258E+6
3.155000E+0	4.303994E+6
3.160000E+0	4.307481E+6
3.165000E+0	4.310308E+6
3.170000E+0	4.313172E+6
3.175000E+0	4.316531E+6
3.180000E+0	4.318653E+6
3.185000E+0	4.322212E+6
3.190000E+0	4.325234E+6
3.195000E+0	4.328007E+6
3.200000E+0	4.331016E+6
3.205000E+0	4.333865E+6
3.210000E+0	4.336881E+6
3.215000E+0	4.339987E+6
3.220000E+0	4.342907E+6
3.225000E+0	4.345531E+6
3.230000E+0	4.348777E+6
3.235000E+0	4.351449E+6
3.240000E+0	4.354275E+6
3.245000E+0	4.357528E+6
3.250000E+0	4.360349E+6
3.255000E+0	4.362791E+6
3.260000E+0	4.366096E+6
3.265000E+0	4.368988E+6
3.270000E+0	4.372043E+6
3.275000E+0	4.374681E+6
3.280000E+0	4.378064E+6
3.285000E+0	4.380133E+6
3.290000E+0	4.383839E+6
3.295000E+0	4.385912E+6
3.300000E+0	4.389268E+6
3.305000E+0	4.392348E+6
3.310000E+0	4.394892E+6
3.315000E+0	4.397731E+6
3.320000E+0	4.401118E+6
3.325000E+0	4.403498E+6
3.330000E+0	4.406528E+6
3.335000E+0	4.409532E+6
3.340000E+0	4.411918E+6
3.345000E+0	4.415072E+6
3.350000E+0	4.417804E+6
3.355000E+0	4.420761E+6
3.360000E+0	4.423936E+6
3.365000E+0	4.426428E+6
3.370000E+0	4.429454E+6
3.375000E+0	4.432303E+6
3.380000E+0	4.435176E+6
3.385000E+0	4.437748E+6
3.390000E+0	4.440684E+6
3.395000E+0	4.443465E+6
3.400000E+0	4.446215E+6
3.405000E+0	4.449049E+6
3.410000E+0	4.452013E+6
3.415000E+0	4.454397E+6
3.420000E+0	4.457653E+6
3.425000E+0	4.460414E+6
3.430000E+0	4.462946E+6
3.435000E+0	4.466270E+6
3.440000E+0	4.468786E+6
3.445000E+0	4.471262E+6
3.450000E+0	4.474684E+6
3.455000E+0	4.476873E+6
3.460000E+0	4.479743E+6
3.465000E+0	4.483001E+6
3.470000E+0	4.485022E+6
3.475000E+0	4.487876E+6
3.480000E+0	4.491192E+6
3.485000E+0	4.493674E+6
3.490000E+0	4.496272E+6
3.495000E+0	4.499128E+6
3.500000E+0	4.501592E+6
3.505000E+0	4.504787E+6
3.510000E+0	4.507577E+6
3.515000E+0	4.509869E+6
3.520000E+0	4.512652E+6
3.525000E+0	4.515712E+6
3.530000E+0	4.518084E+6
3.535000E+0	4.521036E+6
3.540000E+0	4.523739E+6
3.545000E+0	4.526279E+6
3.550000E+0	4.529268E+6
3.555000E+0	4.531498E+6
3.560000E+0	4.534666E+6
3.565000E+0	4.537506E+6
3.570000E+0	4.539917E+6
3.575000E+0	4.542707E+6
3.580000E+0	4.545022E+6
3.585000E+0	4.548486E+6
3.590000E+0	4.550538E+6
3.595000E+0	4.553485E+6
3.600000E+0	4.556119E+6
3.605000E+0	4.558758E+6
3.610000E+0	4.561565E+6
3.615000E+0	4.564252E+6
3.620000E+0	4.566705E+6
3.625000E+0	4.569666E+6
3.630000E+0	4.572086E+6
3.635000E+0	4.574457E+6
3.640000E+0	4.577644E+6
3.645000E+0	4.580288E+6
3.650000E+0	4.582902E+6
3.655000E+0	4.585760E+6
3.660000E+0	4.587962E+6
3.665000E+0	4.590842E+6
3.670000E+0	4.593077E+6
3.675000E+0	4.595566E+6
3.680000E+0	4.598294E+6
3.685000E+0	4.601315E+6
3.690000E+0	4.603336E+6
3.695000E+0	4.606777E+6
3.700000E+0	4.609197E+6
3.705000E+0	4.611580E+6
3.710000E+0	4.614523E+6
3.715000E+0	4.617035E+6
3.720000E+0	4.619280E+6
3.725000E+0	4.622267E+6
3.730000E+0	4.625242E+6
3.735000E+0	4.627384E+6
3.740000E+0	4.630385E+6
3.745000E+0	4.632631E+6
3.750000E+0	4.635246E+6
3.755000E+0	4.638133E+6
3.760000E+0	4.640561E+6
3.765000E+0	4.642967E+6
3.770000E+0	4.645821E+6
3.775000E+0	4.648191E+6
3.780000E+0	4.650631E+6
3.785000E+0	4.653663E+6
3.790000E+0	4.656014E+6
3.795000E+0	4.658505E+6
3.800000E+0	4.661613E+6
3.805000E+0	4.663543E+6
3.810000E+0	4.666355E+6
3.815000E+0	4.669336E+6
3.820000E+0	4.671158E+6
3.825000E+0	4.674060E+6
3.830000E+0	4.676804E+6
3.835000E+0	4.678930E+6
3.840000E+0	4.681609E+6
3.845000E+0	4.684470E+6
3.850000E+0	4.686852E+6
3.855000E+0	4.689297E+6
3.860000E+0	4.691734E+6
3.865000E+0	4.694024E+6
3.870000E+0	4.696719E+6
3.875000E+0	4.699136E+6
3.880000E+0	4.701537E+6
3.885000E+0	4.704656E+6
3.890000E+0	4.706984E+6
3.895000E+0	4.708981E+6
3.900000E+0	4.711973E+6
3.905000E+0	4.714245E+6
3.910000E+0	4.716884E+6
3.915000E+0	4.719357E+6
3.920000E+0	4.722164E+6
3.925000E+0	4.724085E+6
3.930000E+0	4.727345E+6
3.935000E+0	4.729415E+6
3.940000E+0	4.732102E+6
3.945000E+0	4.734267E+6
3.950000E+0	4.736783E+6
3.955000E+0	4.739447E+6
3.960000E+0	4.742268E+6
3.965000E+0	4.744462E+6
3.970000E+0	4.747002E+6
3.975000E+0	4.749485E+6
3.980000E+0	4.751522E+6
3.985000E+0	4.754630E+6
3.990000E+0	4.757082E+6
3.995000E+0	4.759000E+6
4.000000E+0	4.762069E+6
4.005000E+0	4.764509E+6
4.010000E+0	4.766620E+6
4.015000E+0	4.769086E+6
4.020000E+0	4.771891E+6
4.025000E+0	4.773731E+6
4.030000E+0	4.776637E+6
4.035000E+0	4.779138E+6
4.040000E+0	4.781024E+6
4.045000E+0	4.783945E+6
4.050000E+0	4.786425E+6
4.055000E+0	4.788308E+6
4.060000E+0	4.790863E+6
4.065000E+0	4.793487E+6
4.070000E+0	4.795422E+6
4.075000E+0	4.798602E+6
4.080000E+0	4.800380E+6
4.085000E+0	4.803270E+6
4.090000E+0	4.805802E+6
4.095000E+0	4.808157E+6
4.100000E+0	4.810285E+6
4.105000E+0	4.813062E+6
4.110000E+0	4.814880E+6
4.115000E+0	4.817641E+6
4.120000E+0	4.820676E+6
4.125000E+0	4.822207E+6
4.130000E+0	4.824958E+6
4.135000E+0	4.827199E+6
4.140000E+0	4.829519E+6
4.145000E+0	4.831627E+6
4.150000E+0	4.834666E+6
4.155000E+0	4.836742E+6
4.160000E+0	4.839217E+6
4.165000E+0	4.842116E+6
4.170000E+0	4.844036E+6
4.175000E+0	4.846718E+6
4.180000E+0	4.848874E+6
4.185000E+0	4.850567E+6
4.190000E+0	4.853731E+6
4.195000E+0	4.855433E+6
4.200000E+0	4.858387E+6
4.205000E+0	4.860234E+6
4.210000E+0	4.863312E+6
4.215000E+0	4.864795E+6
4.220000E+0	4.867691E+6
4.225000E+0	4.869785E+6
4.230000E+0	4.871962E+6
4.235000E+0	4.874975E+6
4.240000E+0	4.877142E+6
4.245000E+0	4.878850E+6
4.250000E+0	4.881958E+6
4.255000E+0	4.883538E+6
4.260000E+0	4.886657E+6
4.265000E+0	4.888561E+6
4.270000E+0	4.890922E+6
4.275000E+0	4.893288E+6
4.280000E+0	4.896644E+6
4.285000E+0	4.898106E+6
4.290000E+0	4.901044E+6
4.295000E+0	4.902827E+6
4.300000E+0	4.904844E+6
4.305000E+0	4.908215E+6
4.310000E+0	4.909658E+6
4.315000E+0	4.912733E+6
4.320000E+0	4.914685E+6
4.325000E+0	4.916846E+6
4.330000E+0	4.918845E+6
4.335000E+0	4.922166E+6
4.340000E+0	4.923952E+6
4.345000E+0	4.925989E+6
4.350000E+0	4.929205E+6
4.355000E+0	4.930855E+6
4.360000E+0	4.933908E+6
4.365000E+0	4.935408E+6
4.370000E+0	4.938283E+6
4.375000E+0	4.939747E+6
4.380000E+0	4.942843E+6
4.385000E+0	4.944423E+6
4.390000E+0	4.947560E+6
4.395000E+0	4.949542E+6
4.400000E+0	4.952113E+6
4.405000E+0	4.953565E+6
4.410000E+0	4.956355E+6
4.415000E+0	4.958432E+6
4.420000E+0	4.960640E+6
4.425000E+0	4.963194E+6
4.430000E+0	4.964517E+6
4.435000E+0	4.968113E+6
4.440000E+0	4.969613E+6
4.445000E+0	4.972194E+6
4.450000E+0	4.974013E+6
4.455000E+0	4.977270E+6
4.460000E+0	4.978138E+6
4.465000E+0	4.981651E+6
4.470000E+0	4.983214E+6
4.475000E+0	4.985559E+6
4.480000E+0	4.988272E+6
4.485000E+0	4.990271E+6
4.490000E+0	4.992073E+6
4.495000E+0	4.994913E+6
4.500000E+0	4.996577E+6
4.505000E+0	4.998808E+6
4.510000E+0	5.001701E+6
4.515000E+0	5.003476E+6
4.520000E+0	5.006183E+6
4.525000E+0	5.008136E+6
4.530000E+0	5.010198E+6
4.535000E+0	5.012326E+6
4.540000E+0	5.014718E+6
4.545000E+0	5.016852E+6
4.550000E+0	5.019756E+6
4.555000E+0	5.021433E+6
4.560000E+0	5.023286E+6
4.565000E+0	5.026634E+6
4.570000E+0	5.028119E+6
4.575000E+0	5.029880E+6
4.580000E+0	5.032851E+6
4.585000E+0	5.034776E+6
4.590000E+0	5.036851E+6
4.595000E+0	5.040189E+6
4.600000E+0	5.041288E+6
4.605000E+0	5.043266E+6
4.610000E+0	5.046710E+6
4.615000E+0	5.047814E+6
4.620000E+0	5.049874E+6
4.625000E+0	5.053149E+6
4.630000E+0	5.054655E+6
4.635000E+0	5.057554E+6
4.640000E+0	5.058903E+6
4.645000E+0	5.061446E+6
4.650000E+0	5.064470E+6
4.655000E+0	5.065715E+6
4.660000E+0	5.067806E+6
4.665000E+0	5.070072E+6
4.670000E+0	5.072701E+6
4.675000E+0	5.074189E+6
4.680000E+0	5.076526E+6
4.685000E+0	5.079997E+6
4.690000E+0	5.082355E+6
4.695000E+0	5.084796E+6
4.700000E+0	5.087713E+6
4.705000E+0	5.088782E+6
4.710000E+0	5.089803E+6
4.715000E+0	5.093198E+6
4.720000E+0	5.093897E+6
4.725000E+0	5.096870E+6
4.730000E+0	5.099460E+6
4.735000E+0	5.101160E+6
4.740000E+0	5.103041E+6
4.745000E+0	5.104986E+6
4.750000E+0	5.107709E+6
4.755000E+0	5.109514E+6
4.760000E+0	5.112428E+6
4.765000E+0	5.113350E+6
4.770000E+0	5.116937E+6
4.775000E+0	5.118145E+6
4.780000E+0	5.120077E+6
4.785000E+0	5.123892E+6
4.790000E+0	5.124628E+6
4.795000E+0	5.126559E+6
4.800000E+0	5.129665E+6
4.805000E+0	5.131131E+6
4.810000E+0	5.133812E+6
4.815000E+0	5.135505E+6
4.820000E+0	5.137786E+6
4.825000E+0	5.139930E+6
4.830000E+0	5.142199E+6
4.835000E+0	5.144787E+6
4.840000E+0	5.146152E+6
4.845000E+0	5.148750E+6
4.850000E+0	5.151162E+6
4.855000E+0	5.152609E+6
4.860000E+0	5.154827E+6
4.865000E+0	5.157147E+6
4.870000E+0	5.159702E+6
4.875000E+0	5.161576E+6
4.880000E+0	5.163673E+6
4.885000E+0	5.165646E+6
4.890000E+0	5.168106E+6
4.895000E+0	5.170888E+6
4.900000E+0	5.171927E+6
4.905000E+0	5.175005E+6
4.910000E+0	5.175543E+6
4.915000E+0	5.178506E+6
4.920000E+0	5.181513E+6
4.925000E+0	5.182259E+6
4.930000E+0	5.184509E+6
4.935000E+0	5.187222E+6
4.940000E+0	5.188268E+6
4.945000E+0	5.191250E+6
4.950000E+0	5.194047E+6
4.955000E+0	5.194560E+6
4.960000E+0	5.197470E+6
4.965000E+0	5.199713E+6
4.970000E+0	5.202030E+6
4.975000E+0	5.203648E+6
4.980000E+0	5.205810E+6
4.985000E+0	5.208625E+6
4.990000E+0	5.210858E+6
4.995000E+0	5.212390E+6
5.000000E+0	5.214987E+6