applied voltage (volts)	measured current (nanoamps)	measured temperature (deg C)
-3.000000E+0	-9.282282E+3
-2.995000E+0	-9.367783E+3
-2.990000E+0	-9.242820E+3
-2.985000E+0	-8.989605E+3
-2.980000E+0	-9.241175E+3
-2.975000E+0	-9.116212E+3
-2.970000E+0	-9.053730E+3
-2.965000E+0	-9.173761E+3
-2.960000E+0	-9.228021E+3
-2.955000E+0	-9.088260E+3
-2.950000E+0	-9.474660E+3
-2.945000E+0	-9.084971E+3
-2.940000E+0	-9.043865E+3
-2.935000E+0	-9.403957E+3
-2.930000E+0	-9.063596E+3
-2.925000E+0	-8.961652E+3
-2.920000E+0	-8.795582E+3
-2.915000E+0	-8.614715E+3
-2.910000E+0	-8.563743E+3
-2.905000E+0	-9.453284E+3
-2.900000E+0	-9.542074E+3
-2.895000E+0	-8.879439E+3
-2.890000E+0	-1.028528E+4
-2.885000E+0	-9.270772E+3
-2.880000E+0	-9.198425E+3
-2.875000E+0	-9.392447E+3
-2.870000E+0	-9.149097E+3
-2.865000E+0	-9.228021E+3
-2.860000E+0	-9.323388E+3
-2.855000E+0	-9.162251E+3
-2.850000E+0	-9.282282E+3
-2.845000E+0	-9.514122E+3
-2.840000E+0	-9.065240E+3
-2.835000E+0	-9.570026E+3
-2.830000E+0	-9.262551E+3
-2.825000E+0	-8.849843E+3
-2.820000E+0	-9.231310E+3
-2.815000E+0	-9.399024E+3
-2.810000E+0	-8.838333E+3
-2.805000E+0	-9.359562E+3
-2.800000E+0	-9.112924E+3
-2.795000E+0	-9.223089E+3
-2.790000E+0	-9.551940E+3
-2.785000E+0	-9.264195E+3
-2.780000E+0	-9.255974E+3
-2.775000E+0	-9.704855E+3
-2.770000E+0	-9.158963E+3
-2.765000E+0	-8.979739E+3
-2.760000E+0	-9.280638E+3
-2.755000E+0	-9.144164E+3
-2.750000E+0	-9.270772E+3
-2.745000E+0	-9.313523E+3
-2.740000E+0	-9.037288E+3
-2.735000E+0	-9.172117E+3
-2.730000E+0	-9.339831E+3
-2.725000E+0	-8.981383E+3
-2.720000E+0	-9.029067E+3
-2.715000E+0	-9.200069E+3
-2.710000E+0	-8.983028E+3
-2.705000E+0	-9.149097E+3
-2.700000E+0	-9.252685E+3
-2.695000E+0	-8.784073E+3
-2.690000E+0	-9.177050E+3
-2.685000E+0	-9.183627E+3
-2.680000E+0	-9.019201E+3
-2.675000E+0	-1.098080E+4
-2.670000E+0	-9.181982E+3
-2.665000E+0	-8.677196E+3
-2.660000E+0	-9.198425E+3
-2.655000E+0	-9.260907E+3
-2.650000E+0	-8.792294E+3
-2.645000E+0	-9.302013E+3
-2.640000E+0	-9.073462E+3
-2.635000E+0	-8.999470E+3
-2.630000E+0	-9.402312E+3
-2.625000E+0	-8.999470E+3
-2.620000E+0	-9.024134E+3
-2.615000E+0	-9.435198E+3
-2.610000E+0	-8.943565E+3
-2.605000E+0	-9.149097E+3
-2.600000E+0	-9.394091E+3
-2.595000E+0	-9.014268E+3
-2.590000E+0	-9.047153E+3
-2.585000E+0	-9.379293E+3
-2.580000E+0	-8.892594E+3
-2.575000E+0	-9.101414E+3
-2.570000E+0	-9.338187E+3
-2.565000E+0	-8.981383E+3
-2.560000E+0	-9.050442E+3
-2.555000E+0	-9.305301E+3
-2.550000E+0	-8.955075E+3
-2.545000E+0	-9.154030E+3
-2.540000E+0	-9.325032E+3
-2.535000E+0	-9.037288E+3
-2.530000E+0	-9.119501E+3
-2.525000E+0	-9.191848E+3
-2.520000E+0	-8.999470E+3
-2.515000E+0	-9.354629E+3
-2.510000E+0	-9.300369E+3
-2.505000E+0	-8.844910E+3
-2.500000E+0	-9.234598E+3
-2.495000E+0	-9.191848E+3
-2.490000E+0	-9.004403E+3
-2.485000E+0	-9.453284E+3
-2.480000E+0	-9.218156E+3
-2.475000E+0	-9.116212E+3
-2.470000E+0	-9.435198E+3
-2.465000E+0	-8.950142E+3
-2.460000E+0	-9.010980E+3
-2.455000E+0	-9.359562E+3
-2.450000E+0	-8.904103E+3
-2.445000E+0	-9.019201E+3
-2.440000E+0	-9.293792E+3
-2.435000E+0	-8.958364E+3
-2.430000E+0	-9.045509E+3
-2.425000E+0	-9.361206E+3
-2.420000E+0	-8.920546E+3
-2.415000E+0	-8.986316E+3
-2.410000E+0	-9.246108E+3
-2.405000E+0	-9.033999E+3
-2.400000E+0	-8.973162E+3
-2.395000E+0	-9.218156E+3
-2.390000E+0	-9.022490E+3
-2.385000E+0	-9.201713E+3
-2.380000E+0	-9.149097E+3
-2.375000E+0	-8.815314E+3
-2.370000E+0	-9.172117E+3
-2.365000E+0	-9.033999E+3
-2.360000E+0	-8.836689E+3
-2.355000E+0	-9.206646E+3
-2.350000E+0	-8.992893E+3
-2.345000E+0	-9.012624E+3
-2.340000E+0	-9.359562E+3
-2.335000E+0	-8.858064E+3
-2.330000E+0	-9.084971E+3
-2.325000E+0	-9.318455E+3
-2.320000E+0	-8.978095E+3
-2.315000E+0	-9.213223E+3
-2.310000E+0	-9.364495E+3
-2.305000E+0	-9.010980E+3
-2.300000E+0	-9.075106E+3
-2.295000E+0	-9.385870E+3
-2.290000E+0	-8.986316E+3
-2.285000E+0	-9.078394E+3
-2.280000E+0	-9.394091E+3
-2.275000E+0	-8.848199E+3
-2.270000E+0	-9.206646E+3
-2.265000E+0	-9.282282E+3
-2.260000E+0	-8.905748E+3
-2.255000E+0	-9.218156E+3
-2.250000E+0	-9.198425E+3
-2.245000E+0	-8.831756E+3
-2.240000E+0	-9.242820E+3
-2.235000E+0	-9.336542E+3
-2.230000E+0	-8.945210E+3
-2.225000E+0	-9.234598E+3
-2.220000E+0	-9.236243E+3
-2.215000E+0	-9.042221E+3
-2.210000E+0	-9.211579E+3
-2.205000E+0	-9.104702E+3
-2.200000E+0	-8.953431E+3
-2.195000E+0	-9.394091E+3
-2.190000E+0	-9.045509E+3
-2.185000E+0	-9.111279E+3
-2.180000E+0	-9.496035E+3
-2.175000E+0	-9.320100E+3
-2.170000E+0	-8.950142E+3
-2.165000E+0	-9.573315E+3
-2.160000E+0	-9.073462E+3
-2.155000E+0	-9.038932E+3
-2.150000E+0	-9.482881E+3
-2.145000E+0	-8.899171E+3
-2.140000E+0	-9.024134E+3
-2.135000E+0	-9.466438E+3
-2.130000E+0	-9.377649E+3
-2.125000E+0	-9.063596E+3
-2.120000E+0	-9.246108E+3
-2.115000E+0	-9.020845E+3
-2.110000E+0	-9.121145E+3
-2.105000E+0	-9.185271E+3
-2.100000E+0	-8.821891E+3
-2.095000E+0	-9.033999E+3
-2.090000E+0	-9.183627E+3
-2.085000E+0	-8.792294E+3
-2.080000E+0	-9.333254E+3
-2.075000E+0	-9.068529E+3
-2.070000E+0	-8.902459E+3
-2.065000E+0	-9.292147E+3
-2.060000E+0	-9.145809E+3
-2.055000E+0	-8.800515E+3
-2.050000E+0	-9.400668E+3
-2.045000E+0	-9.073462E+3
-2.040000E+0	-9.048798E+3
-2.035000E+0	-9.445063E+3
-2.030000E+0	-9.163896E+3
-2.025000E+0	-9.139232E+3
-2.020000E+0	-9.426976E+3
-2.015000E+0	-9.078394E+3
-2.010000E+0	-8.974806E+3
-2.005000E+0	-9.438486E+3
-2.000000E+0	-9.172117E+3
-1.995000E+0	-9.566738E+3
-1.990000E+0	-9.405601E+3
-1.985000E+0	-9.075106E+3
-1.980000E+0	-8.807092E+3
-1.975000E+0	-9.320100E+3
-1.970000E+0	-8.830112E+3
-1.965000E+0	-8.867930E+3
-1.960000E+0	-9.231310E+3
-1.955000E+0	-8.894238E+3
-1.950000E+0	-8.984672E+3
-1.945000E+0	-9.178694E+3
-1.940000E+0	-8.797227E+3
-1.935000E+0	-9.078394E+3
-1.930000E+0	-9.055375E+3
-1.925000E+0	-8.886017E+3
-1.920000E+0	-8.978095E+3
-1.915000E+0	-8.958364E+3
-1.910000E+0	-8.721591E+3
-1.905000E+0	-9.201713E+3
-1.900000E+0	-8.950142E+3
-1.895000E+0	-8.841622E+3
-1.890000E+0	-9.300369E+3
-1.885000E+0	-9.065240E+3
-1.880000E+0	-8.971518E+3
-1.875000E+0	-9.402312E+3
-1.870000E+0	-9.096481E+3
-1.865000E+0	-9.025778E+3
-1.860000E+0	-9.316811E+3
-1.855000E+0	-8.997826E+3
-1.850000E+0	-9.030711E+3
-1.845000E+0	-9.259262E+3
-1.840000E+0	-9.014268E+3
-1.835000E+0	-8.899171E+3
-1.830000E+0	-9.290503E+3
-1.825000E+0	-8.887661E+3
-1.820000E+0	-9.099770E+3
-1.815000E+0	-9.320100E+3
-1.810000E+0	-8.849843E+3
-1.805000E+0	-9.063596E+3
-1.800000E+0	-9.172117E+3
-1.795000E+0	-8.882728E+3
-1.790000E+0	-9.065240E+3
-1.785000E+0	-9.223089E+3
-1.780000E+0	-8.754476E+3
-1.775000E+0	-9.024134E+3
-1.770000E+0	-9.073462E+3
-1.765000E+0	-8.703504E+3
-1.760000E+0	-9.061952E+3
-1.755000E+0	-8.996182E+3
-1.750000E+0	-8.782428E+3
-1.745000E+0	-9.181982E+3
-1.740000E+0	-9.063596E+3
-1.735000E+0	-8.867930E+3
-1.730000E+0	-9.226377E+3
-1.725000E+0	-8.935344E+3
-1.720000E+0	-8.848199E+3
-1.715000E+0	-9.229666E+3
-1.710000E+0	-8.904103E+3
-1.705000E+0	-9.081683E+3
-1.700000E+0	-9.311878E+3
-1.695000E+0	-8.973162E+3
-1.690000E+0	-8.907392E+3
-1.685000E+0	-9.057019E+3
-1.680000E+0	-8.833400E+3
-1.675000E+0	-8.772563E+3
-1.670000E+0	-9.058663E+3
-1.665000E+0	-8.719947E+3
-1.660000E+0	-8.910680E+3
-1.655000E+0	-9.015913E+3
-1.650000E+0	-8.724880E+3
-1.645000E+0	-8.606493E+3
-1.640000E+0	-9.015913E+3
-1.635000E+0	-8.404250E+3
-1.630000E+0	-8.907392E+3
-1.625000E+0	-8.887661E+3
-1.620000E+0	-8.571964E+3
-1.615000E+0	-8.879439E+3
-1.610000E+0	-8.746255E+3
-1.605000E+0	-8.468376E+3
-1.600000E+0	-8.744611E+3
-1.595000E+0	-8.828468E+3
-1.590000E+0	-8.275998E+3
-1.585000E+0	-8.777496E+3
-1.580000E+0	-8.729812E+3
-1.575000E+0	-8.248046E+3
-1.570000E+0	-8.668975E+3
-1.565000E+0	-8.570320E+3
-1.560000E+0	-8.364788E+3
-1.555000E+0	-8.715014E+3
-1.550000E+0	-8.535790E+3
-1.545000E+0	-8.354922E+3
-1.540000E+0	-8.673908E+3
-1.535000E+0	-8.363144E+3
-1.530000E+0	-8.328614E+3
-1.525000E+0	-8.742966E+3
-1.520000E+0	-8.185564E+3
-1.515000E+0	-8.165833E+3
-1.510000E+0	-8.501261E+3
-1.505000E+0	-7.981676E+3
-1.500000E+0	-8.195430E+3
-1.495000E+0	-8.335191E+3
-1.490000E+0	-7.869867E+3
-1.485000E+0	-7.983321E+3
-1.480000E+0	-8.282575E+3
-1.475000E+0	-7.777789E+3
-1.470000E+0	-8.159256E+3
-1.465000E+0	-8.040870E+3
-1.460000E+0	-7.598565E+3
-1.455000E+0	-7.855069E+3
-1.450000E+0	-7.869867E+3
-1.445000E+0	-7.457159E+3
-1.440000E+0	-7.771212E+3
-1.435000E+0	-7.688999E+3
-1.430000E+0	-7.335484E+3
-1.425000E+0	-7.516352E+3
-1.420000E+0	-7.498266E+3
-1.415000E+0	-7.208877E+3
-1.410000E+0	-7.496621E+3
-1.405000E+0	-7.337129E+3
-1.400000E+0	-7.159549E+3
-1.395000E+0	-7.284513E+3
-1.390000E+0	-7.060894E+3
-1.385000E+0	-7.794231E+3
-1.380000E+0	-7.619940E+3
-1.375000E+0	-6.768217E+3
-1.370000E+0	-6.845497E+3
-1.365000E+0	-7.006634E+3
-1.360000E+0	-6.468962E+3
-1.355000E+0	-6.635032E+3
-1.350000E+0	-6.584060E+3
-1.345000E+0	-6.018436E+3
-1.340000E+0	-6.118736E+3
-1.335000E+0	-6.459097E+3
-1.330000E+0	-5.860588E+3
-1.325000E+0	-5.786597E+3
-1.320000E+0	-6.010215E+3
-1.315000E+0	-5.498852E+3
-1.310000E+0	-5.498852E+3
-1.305000E+0	-5.595863E+3
-1.300000E+0	-5.258791E+3
-1.295000E+0	-5.191376E+3
-1.290000E+0	-5.245637E+3
-1.285000E+0	-4.939805E+3
-1.280000E+0	-4.844439E+3
-1.275000E+0	-4.684946E+3
-1.270000E+0	-4.217978E+3
-1.265000E+0	-4.645484E+3
-1.260000E+0	-4.364316E+3
-1.255000E+0	-3.874328E+3
-1.250000E+0	-4.086437E+3
-1.245000E+0	-3.813491E+3
-1.240000E+0	-3.482996E+3
-1.235000E+0	-3.867751E+3
-1.230000E+0	-3.371187E+3
-1.225000E+0	-2.894353E+3
-1.220000E+0	-3.261022E+3
-1.215000E+0	-2.965056E+3
-1.210000E+0	-2.802274E+3
-1.205000E+0	-3.127837E+3
-1.200000E+0	-2.458625E+3
-1.195000E+0	-2.313931E+3
-1.190000E+0	-2.325441E+3
-1.185000E+0	-1.828876E+3
-1.180000E+0	-1.823943E+3
-1.175000E+0	-1.830520E+3
-1.170000E+0	-1.335599E+3
-1.165000E+0	-1.213925E+3
-1.160000E+0	-1.245165E+3
-1.155000E+0	-7.140712E+2
-1.150000E+0	-5.101836E+2
-1.145000E+0	-4.312594E+2
-1.140000E+0	1.926639E+1
-1.135000E+0	1.902689E+2
-1.130000E+0	1.705378E+2
-1.125000E+0	6.687470E+2
-1.120000E+0	8.529035E+2
-1.115000E+0	8.446822E+2
-1.110000E+0	1.499096E+3
-1.105000E+0	1.285342E+3
-1.100000E+0	1.495807E+3
-1.095000E+0	2.005526E+3
-1.090000E+0	2.036767E+3
-1.085000E+0	2.271895E+3
-1.080000E+0	2.773393E+3
-1.075000E+0	2.500447E+3
-1.070000E+0	3.074291E+3
-1.065000E+0	3.437672E+3
-1.060000E+0	3.391633E+3
-1.055000E+0	3.677733E+3
-1.050000E+0	4.197317E+3
-1.045000E+0	4.141413E+3
-1.040000E+0	4.637978E+3
-1.035000E+0	4.863240E+3
-1.030000E+0	4.901058E+3
-1.025000E+0	5.637684E+3
-1.020000E+0	5.925429E+3
-1.015000E+0	5.811975E+3
-1.010000E+0	6.714671E+3
-1.005000E+0	6.579842E+3
-1.000000E+0	6.762354E+3
-9.950000E-1	7.512135E+3
-9.900000E-1	7.543375E+3
-9.850000E-1	7.498981E+3
-9.800000E-1	8.350704E+3
-9.750000E-1	8.543082E+3
-9.700000E-1	8.520063E+3
-9.650000E-1	9.457288E+3
-9.600000E-1	9.544433E+3
-9.550000E-1	9.376719E+3
-9.500000E-1	1.029586E+4
-9.450000E-1	1.032545E+4
-9.400000E-1	1.065431E+4
-9.350000E-1	1.149123E+4
-9.300000E-1	1.122322E+4
-9.250000E-1	1.181844E+4
-9.200000E-1	1.247614E+4
-9.150000E-1	1.231665E+4
-9.100000E-1	1.293653E+4
-9.050000E-1	1.335582E+4
-9.000000E-1	1.330156E+4
-8.950000E-1	1.400036E+4
-8.900000E-1	1.448377E+4
-8.850000E-1	1.442458E+4
-8.800000E-1	1.521876E+4
-8.750000E-1	1.547855E+4
-8.700000E-1	1.566435E+4
-8.650000E-1	1.634836E+4
-8.600000E-1	1.691727E+4
-8.550000E-1	1.690412E+4
-8.500000E-1	1.764732E+4
-8.450000E-1	1.797288E+4
-8.400000E-1	1.823267E+4
-8.350000E-1	1.895779E+4
-8.300000E-1	1.935899E+4
-8.250000E-1	1.950697E+4
-8.200000E-1	2.013672E+4
-8.150000E-1	2.049024E+4
-8.100000E-1	2.075167E+4
-8.050000E-1	2.149652E+4
-8.000000E-1	2.187141E+4
-7.950000E-1	2.217231E+4
-7.900000E-1	2.300759E+4
-7.850000E-1	2.318681E+4
-7.800000E-1	2.380341E+4
-7.750000E-1	2.452030E+4
-7.700000E-1	2.461567E+4
-7.650000E-1	2.524213E+4
-7.600000E-1	2.592779E+4
-7.550000E-1	2.605275E+4
-7.500000E-1	2.697518E+4
-7.450000E-1	2.747010E+4
-7.400000E-1	2.769700E+4
-7.350000E-1	2.849940E+4
-7.300000E-1	2.899432E+4
-7.250000E-1	2.926233E+4
-7.200000E-1	3.012721E+4
-7.150000E-1	3.075532E+4
-7.100000E-1	3.106773E+4
-7.050000E-1	3.203455E+4
-7.000000E-1	3.259359E+4
-6.950000E-1	3.294218E+4
-6.900000E-1	3.384652E+4
-6.850000E-1	3.447955E+4
-6.800000E-1	3.464562E+4
-6.750000E-1	3.573576E+4
-6.700000E-1	3.640333E+4
-6.650000E-1	3.676014E+4
-6.600000E-1	3.782561E+4
-6.550000E-1	3.830245E+4
-6.500000E-1	3.877928E+4
-6.450000E-1	3.983489E+4
-6.400000E-1	4.047779E+4
-6.350000E-1	4.104671E+4
-6.300000E-1	4.193954E+4
-6.250000E-1	4.259724E+4
-6.200000E-1	4.328454E+4
-6.150000E-1	4.451608E+4
-6.100000E-1	4.472162E+4
-6.050000E-1	4.553223E+4
-6.000000E-1	4.666513E+4
-5.950000E-1	4.705481E+4
-5.900000E-1	4.807918E+4
-5.850000E-1	4.901805E+4
-5.800000E-1	4.937321E+4
-5.750000E-1	5.070506E+4
-5.700000E-1	5.167681E+4
-5.650000E-1	5.210925E+4
-5.600000E-1	5.356442E+4
-5.550000E-1	5.419252E+4
-5.500000E-1	5.476472E+4
-5.450000E-1	5.631032E+4
-5.400000E-1	5.720973E+4
-5.350000E-1	5.796115E+4
-5.300000E-1	5.912364E+4
-5.250000E-1	6.011348E+4
-5.200000E-1	6.074981E+4
-5.150000E-1	6.217373E+4
-5.100000E-1	6.325237E+4
-5.050000E-1	6.422576E+4
-5.000000E-1	6.548362E+4
-4.950000E-1	6.636001E+4
-4.900000E-1	6.742548E+4
-4.850000E-1	6.897273E+4
-4.800000E-1	6.973566E+4
-4.750000E-1	7.079785E+4
-4.700000E-1	7.218396E+4
-4.650000E-1	7.312940E+4
-4.600000E-1	7.445467E+4
-4.550000E-1	7.591313E+4
-4.500000E-1	7.677307E+4
-4.450000E-1	7.818055E+4
-4.400000E-1	7.960612E+4
-4.350000E-1	8.063378E+4
-4.300000E-1	8.193932E+4
-4.250000E-1	8.356220E+4
-4.200000E-1	8.423634E+4
-4.150000E-1	8.604831E+4
-4.100000E-1	8.756103E+4
-4.050000E-1	8.850976E+4
-4.000000E-1	9.035461E+4
-3.950000E-1	9.166015E+4
-3.900000E-1	9.254147E+4
-3.850000E-1	9.446525E+4
-3.800000E-1	9.591055E+4
-3.750000E-1	9.715525E+4
-3.700000E-1	9.901490E+4
-3.650000E-1	1.003796E+5
-3.600000E-1	1.016720E+5
-3.550000E-1	1.037701E+5
-3.500000E-1	1.048241E+5
-3.450000E-1	1.064979E+5
-3.400000E-1	1.083592E+5
-3.350000E-1	1.095250E+5
-3.300000E-1	1.113682E+5
-3.250000E-1	1.131917E+5
-3.200000E-1	1.142210E+5
-3.150000E-1	1.163782E+5
-3.100000E-1	1.180258E+5
-3.050000E-1	1.193280E+5
-3.000000E-1	1.213422E+5
-2.950000E-1	1.232775E+5
-2.900000E-1	1.244630E+5
-2.850000E-1	1.266433E+5
-2.800000E-1	1.284240E+5
-2.750000E-1	1.299713E+5
-2.700000E-1	1.319806E+5
-2.650000E-1	1.339718E+5
-2.600000E-1	1.353348E+5
-2.550000E-1	1.377190E+5
-2.500000E-1	1.393945E+5
-2.450000E-1	1.409615E+5
-2.400000E-1	1.434114E+5
-2.350000E-1	1.452892E+5
-2.300000E-1	1.469745E+5
-2.250000E-1	1.495264E+5
-2.200000E-1	1.513943E+5
-2.150000E-1	1.530961E+5
-2.100000E-1	1.555214E+5
-2.050000E-1	1.572396E+5
-2.000000E-1	1.592242E+5
-1.950000E-1	1.618583E+5
-1.900000E-1	1.636769E+5
-1.850000E-1	1.658571E+5
-1.800000E-1	1.680506E+5
-1.750000E-1	1.699678E+5
-1.700000E-1	1.725016E+5
-1.650000E-1	1.747032E+5
-1.600000E-1	1.766007E+5
-1.550000E-1	1.789553E+5
-1.500000E-1	1.814315E+5
-1.450000E-1	1.834540E+5
-1.400000E-1	1.859927E+5
-1.350000E-1	1.882979E+5
-1.300000E-1	1.901674E+5
-1.250000E-1	1.928065E+5
-1.200000E-1	1.951594E+5
-1.150000E-1	1.973545E+5
-1.100000E-1	1.998685E+5
-1.050000E-1	2.024632E+5
-1.000000E-1	2.043952E+5
-9.500000E-2	2.074699E+5
-9.000000E-2	2.098262E+5
-8.500000E-2	2.119785E+5
-8.000000E-2	2.149480E+5
-7.500000E-2	2.172368E+5
-7.000000E-2	2.195338E+5
-6.500000E-2	2.225872E+5
-6.000000E-2	2.248119E+5
-5.500000E-2	2.273292E+5
-5.000000E-2	2.302133E+5
-4.500000E-2	2.323360E+5
-4.000000E-2	2.349175E+5
-3.500000E-2	2.379741E+5
-3.000000E-2	2.403846E+5
-2.500000E-2	2.429891E+5
-2.000000E-2	2.458699E+5
-1.500000E-2	2.480764E+5
-1.000000E-2	2.509490E+5
-5.000000E-3	2.538938E+5
-4.181204E-14	2.560955E+5
5.000000E-3	2.589729E+5
1.000000E-2	2.617731E+5
1.500000E-2	2.643085E+5
2.000000E-2	2.674803E+5
2.500000E-2	2.702361E+5
3.000000E-2	2.727008E+5
3.500000E-2	2.754928E+5
4.000000E-2	2.784886E+5
4.500000E-2	2.806919E+5
5.000000E-2	2.841744E+5
5.500000E-2	2.869976E+5
6.000000E-2	2.894015E+5
6.500000E-2	2.926127E+5
7.000000E-2	2.954491E+5
7.500000E-2	2.980404E+5
8.000000E-2	3.012664E+5
8.500000E-2	3.038923E+5
9.000000E-2	3.066892E+5
9.500000E-2	3.102424E+5
1.000000E-1	3.127943E+5
1.050000E-1	3.155156E+5
1.100000E-1	3.188550E+5
1.150000E-1	3.212129E+5
1.200000E-1	3.243682E+5
1.250000E-1	3.276271E+5
1.300000E-1	3.301757E+5
1.350000E-1	3.330680E+5
1.400000E-1	3.363072E+5
1.450000E-1	3.388146E+5
1.500000E-1	3.420982E+5
1.550000E-1	3.451582E+5
1.600000E-1	3.479255E+5
1.650000E-1	3.512929E+5
1.700000E-1	3.541325E+5
1.750000E-1	3.568932E+5
1.800000E-1	3.603610E+5
1.850000E-1	3.632729E+5
1.900000E-1	3.658429E+5
1.950000E-1	3.695014E+5
2.000000E-1	3.720993E+5
2.050000E-1	3.752184E+5
2.100000E-1	3.784083E+5
2.150000E-1	3.811641E+5
2.200000E-1	3.841418E+5
2.250000E-1	3.876424E+5
2.300000E-1	3.903341E+5
2.350000E-1	3.932674E+5
2.400000E-1	3.967467E+5
2.450000E-1	3.993528E+5
2.500000E-1	4.024489E+5
2.550000E-1	4.059759E+5
2.600000E-1	4.086478E+5
2.650000E-1	4.116239E+5
2.700000E-1	4.152264E+5
2.750000E-1	4.175350E+5
2.800000E-1	4.206163E+5
2.850000E-1	4.241021E+5
2.900000E-1	4.267806E+5
2.950000E-1	4.298176E+5
3.000000E-1	4.332853E+5
3.050000E-1	4.358273E+5
3.100000E-1	4.390961E+5
3.150000E-1	4.424191E+5
3.200000E-1	4.447869E+5
3.250000E-1	4.481937E+5
3.300000E-1	4.512915E+5
3.350000E-1	4.537908E+5
3.400000E-1	4.572700E+5
3.450000E-1	4.600340E+5
3.500000E-1	4.627635E+5
3.550000E-1	4.660438E+5
3.600000E-1	4.691481E+5
3.650000E-1	4.718069E+5
3.700000E-1	4.752384E+5
3.750000E-1	4.779745E+5
3.800000E-1	4.806678E+5
3.850000E-1	4.840122E+5
3.900000E-1	4.867795E+5
3.950000E-1	4.896125E+5
4.000000E-1	4.925393E+5
4.050000E-1	4.955285E+5
4.100000E-1	4.981626E+5
4.150000E-1	5.016583E+5
4.200000E-1	5.041395E+5
4.250000E-1	5.068871E+5
4.300000E-1	5.101558E+5
4.350000E-1	5.123460E+5
4.400000E-1	5.159009E+5
4.450000E-1	5.196087E+5
4.500000E-1	5.213697E+5
4.550000E-1	5.243014E+5
4.600000E-1	5.270127E+5
4.650000E-1	5.292983E+5
4.700000E-1	5.326180E+5
4.750000E-1	5.354494E+5
4.800000E-1	5.376774E+5
4.850000E-1	5.410925E+5
4.900000E-1	5.436608E+5
4.950000E-1	5.459677E+5
5.000000E-1	5.491181E+5
5.050000E-1	5.516190E+5
5.100000E-1	5.541594E+5
5.150000E-1	5.570960E+5
5.200000E-1	5.596676E+5
5.250000E-1	5.623790E+5
5.300000E-1	5.658648E+5
5.350000E-1	5.681865E+5
5.400000E-1	5.704424E+5
5.450000E-1	5.735238E+5
5.500000E-1	5.758027E+5
5.550000E-1	5.781704E+5
5.600000E-1	5.811301E+5
5.650000E-1	5.833942E+5
5.700000E-1	5.862651E+5
5.750000E-1	5.889469E+5
5.800000E-1	5.914346E+5
5.850000E-1	5.937119E+5
5.900000E-1	5.965022E+5
5.950000E-1	5.985756E+5
6.000000E-1	6.013725E+5
6.050000E-1	6.042401E+5
6.100000E-1	6.061326E+5
6.150000E-1	6.089032E+5
6.200000E-1	6.115356E+5
6.250000E-1	6.134956E+5
6.300000E-1	6.165983E+5
6.350000E-1	6.189775E+5
6.400000E-1	6.211430E+5
6.450000E-1	6.240451E+5
6.500000E-1	6.261909E+5
6.550000E-1	6.286704E+5
6.600000E-1	6.313456E+5
6.650000E-1	6.335539E+5
6.700000E-1	6.358081E+5
6.750000E-1	6.384965E+5
6.800000E-1	6.406258E+5
6.850000E-1	6.430840E+5
6.900000E-1	6.457740E+5
6.950000E-1	6.477060E+5
7.000000E-1	6.504453E+5
7.050000E-1	6.528969E+5
7.100000E-1	6.547401E+5
7.150000E-1	6.574251E+5
7.200000E-1	6.598882E+5
7.250000E-1	6.620406E+5
7.300000E-1	6.643540E+5
7.350000E-1	6.669257E+5
7.400000E-1	6.688149E+5
7.450000E-1	6.714786E+5
7.500000E-1	6.735504E+5
7.550000E-1	6.755300E+5
7.600000E-1	6.781937E+5
7.650000E-1	6.808607E+5
7.700000E-1	6.820446E+5
7.750000E-1	6.853512E+5
7.800000E-1	6.874739E+5
7.850000E-1	6.890886E+5
7.900000E-1	6.919249E+5
7.950000E-1	6.942219E+5
8.000000E-1	6.959287E+5
8.050000E-1	6.988489E+5
8.100000E-1	7.005704E+5
8.150000E-1	7.028428E+5
8.200000E-1	7.054999E+5
8.250000E-1	7.073825E+5
8.300000E-1	7.094839E+5
8.350000E-1	7.118302E+5
8.400000E-1	7.140812E+5
8.450000E-1	7.162780E+5
8.500000E-1	7.186786E+5
8.550000E-1	7.205875E+5
8.600000E-1	7.226774E+5
8.650000E-1	7.251832E+5
8.700000E-1	7.270708E+5
8.750000E-1	7.292758E+5
8.800000E-1	7.316156E+5
8.850000E-1	7.335426E+5
8.900000E-1	7.356259E+5
8.950000E-1	7.382600E+5
9.000000E-1	7.398385E+5
9.050000E-1	7.423542E+5
9.100000E-1	7.446907E+5
9.150000E-1	7.461804E+5
9.200000E-1	7.487619E+5
9.250000E-1	7.509947E+5
9.300000E-1	7.526111E+5
9.350000E-1	7.551613E+5
9.400000E-1	7.572117E+5
9.450000E-1	7.587589E+5
9.500000E-1	7.614950E+5
9.550000E-1	7.636391E+5
9.600000E-1	7.654313E+5
9.650000E-1	7.678500E+5
9.700000E-1	7.698560E+5
9.750000E-1	7.719146E+5
9.800000E-1	7.739601E+5
9.850000E-1	7.763179E+5
9.900000E-1	7.780789E+5
9.950000E-1	7.803398E+5
1.000000E+0	7.823901E+5
1.005000E+0	7.843797E+5
1.010000E+0	7.867524E+5
1.015000E+0	7.884657E+5
1.020000E+0	7.904585E+5
1.025000E+0	7.929561E+5
1.030000E+0	7.946645E+5
1.035000E+0	7.969369E+5
1.040000E+0	7.990201E+5
1.045000E+0	8.006562E+5
1.050000E+0	8.030239E+5
1.055000E+0	8.054377E+5
1.060000E+0	8.067860E+5
1.065000E+0	8.091356E+5
1.070000E+0	8.112041E+5
1.075000E+0	8.130999E+5
1.080000E+0	8.154134E+5
1.085000E+0	8.173371E+5
1.090000E+0	8.191771E+5
1.095000E+0	8.213310E+5
1.100000E+0	8.233452E+5
1.105000E+0	8.251654E+5
1.110000E+0	8.274411E+5
1.115000E+0	8.294652E+5
1.120000E+0	8.311719E+5
1.125000E+0	8.335347E+5
1.130000E+0	8.353368E+5
1.135000E+0	8.372639E+5
1.140000E+0	8.396020E+5
1.145000E+0	8.411163E+5
1.150000E+0	8.431848E+5
1.155000E+0	8.454457E+5
1.160000E+0	8.470291E+5
1.165000E+0	8.491535E+5
1.170000E+0	8.514291E+5
1.175000E+0	8.528777E+5
1.180000E+0	8.550465E+5
1.185000E+0	8.571149E+5
1.190000E+0	8.587707E+5
1.195000E+0	8.609428E+5
1.200000E+0	8.630145E+5
1.205000E+0	8.646210E+5
1.210000E+0	8.667930E+5
1.215000E+0	8.689569E+5
1.220000E+0	8.704301E+5
1.225000E+0	8.727140E+5
1.230000E+0	8.746345E+5
1.235000E+0	8.760913E+5
1.240000E+0	8.785001E+5
1.245000E+0	8.803483E+5
1.250000E+0	8.821142E+5
1.255000E+0	8.843274E+5
1.260000E+0	8.862035E+5
1.265000E+0	8.874202E+5
1.270000E+0	8.897748E+5
1.275000E+0	8.899688E+5
1.280000E+0	8.934004E+5
1.285000E+0	8.967925E+5
1.290000E+0	8.972496E+5
1.295000E+0	8.992046E+5
1.300000E+0	9.015000E+5
1.305000E+0	9.028844E+5
1.310000E+0	9.047852E+5
1.315000E+0	9.070214E+5
1.320000E+0	9.084831E+5
1.325000E+0	9.107522E+5
1.330000E+0	9.125691E+5
1.335000E+0	9.143597E+5
1.340000E+0	9.160269E+5
1.345000E+0	9.180971E+5
1.350000E+0	9.198202E+5
1.355000E+0	9.213971E+5
1.360000E+0	9.239227E+5
1.365000E+0	9.251575E+5
1.370000E+0	9.270500E+5
1.375000E+0	9.288488E+5
1.380000E+0	9.309288E+5
1.385000E+0	9.326471E+5
1.390000E+0	9.343193E+5
1.395000E+0	9.362003E+5
1.400000E+0	9.384710E+5
1.405000E+0	9.399213E+5
1.410000E+0	9.415014E+5
1.415000E+0	9.436504E+5
1.420000E+0	9.453161E+5
1.425000E+0	9.469307E+5
1.430000E+0	9.491307E+5
1.435000E+0	9.508391E+5
1.440000E+0	9.523403E+5
1.445000E+0	9.546308E+5
1.450000E+0	9.562487E+5
1.455000E+0	9.577384E+5
1.460000E+0	9.601850E+5
1.465000E+0	9.615383E+5
1.470000E+0	9.633453E+5
1.475000E+0	9.652658E+5
1.480000E+0	9.670153E+5
1.485000E+0	9.685954E+5
1.490000E+0	9.706261E+5
1.495000E+0	9.719908E+5
1.500000E+0	9.741070E+5
1.505000E+0	9.756624E+5
1.510000E+0	9.774744E+5
1.515000E+0	9.793159E+5
1.520000E+0	9.811970E+5
1.525000E+0	9.824762E+5
1.530000E+0	9.842931E+5
1.535000E+0	9.864685E+5
1.540000E+0	9.876836E+5
1.545000E+0	9.897471E+5
1.550000E+0	9.915788E+5
1.555000E+0	9.929156E+5
1.560000E+0	9.950416E+5
1.565000E+0	9.967187E+5
1.570000E+0	9.981246E+5
1.575000E+0	1.000091E+6
1.580000E+0	1.001873E+6
1.585000E+0	1.003080E+6
1.590000E+0	1.005400E+6
1.595000E+0	1.007099E+6
1.600000E+0	1.008439E+6
1.605000E+0	1.010526E+6
1.610000E+0	1.012122E+6
1.615000E+0	1.013674E+6
1.620000E+0	1.015720E+6
1.625000E+0	1.017308E+6
1.630000E+0	1.018587E+6
1.635000E+0	1.020671E+6
1.640000E+0	1.022221E+6
1.645000E+0	1.023688E+6
1.650000E+0	1.025811E+6
1.655000E+0	1.027131E+6
1.660000E+0	1.029061E+6
1.665000E+0	1.030844E+6
1.670000E+0	1.032386E+6
1.675000E+0	1.034196E+6
1.680000E+0	1.036039E+6
1.685000E+0	1.037220E+6
1.690000E+0	1.037363E+6
1.695000E+0	1.038461E+6
1.700000E+0	1.042980E+6
1.705000E+0	1.044470E+6
1.710000E+0	1.046051E+6
1.715000E+0	1.047153E+6
1.720000E+0	1.049197E+6
1.725000E+0	1.050828E+6
1.730000E+0	1.051859E+6
1.735000E+0	1.053957E+6
1.740000E+0	1.055532E+6
1.745000E+0	1.056887E+6
1.750000E+0	1.058872E+6
1.755000E+0	1.060402E+6
1.760000E+0	1.061599E+6
1.765000E+0	1.063600E+6
1.770000E+0	1.065144E+6
1.775000E+0	1.066611E+6
1.780000E+0	1.068471E+6
1.785000E+0	1.069995E+6
1.790000E+0	1.071429E+6
1.795000E+0	1.073379E+6
1.800000E+0	1.074683E+6
1.805000E+0	1.076268E+6
1.810000E+0	1.078302E+6
1.815000E+0	1.079324E+6
1.820000E+0	1.081094E+6
1.825000E+0	1.083019E+6
1.830000E+0	1.084103E+6
1.835000E+0	1.085737E+6
1.840000E+0	1.086944E+6
1.845000E+0	1.087370E+6
1.850000E+0	1.091295E+6
1.855000E+0	1.092618E+6
1.860000E+0	1.093559E+6
1.865000E+0	1.095231E+6
1.870000E+0	1.096844E+6
1.875000E+0	1.098021E+6
1.880000E+0	1.099955E+6
1.885000E+0	1.101584E+6
1.890000E+0	1.102457E+6
1.895000E+0	1.104592E+6
1.900000E+0	1.105879E+6
1.905000E+0	1.107047E+6
1.910000E+0	1.109133E+6
1.915000E+0	1.110574E+6
1.920000E+0	1.111868E+6
1.925000E+0	1.113724E+6
1.930000E+0	1.115057E+6
1.935000E+0	1.116513E+6
1.940000E+0	1.118443E+6
1.945000E+0	1.119449E+6
1.950000E+0	1.121138E+6
1.955000E+0	1.122907E+6
1.960000E+0	1.124053E+6
1.965000E+0	1.125732E+6
1.970000E+0	1.127457E+6
1.975000E+0	1.128542E+6
1.980000E+0	1.130101E+6
1.985000E+0	1.131982E+6
1.990000E+0	1.132807E+6
1.995000E+0	1.134736E+6
2.000000E+0	1.136224E+6
2.005000E+0	1.137390E+6
2.010000E+0	1.139065E+6
2.015000E+0	1.140859E+6
2.020000E+0	1.141933E+6
2.025000E+0	1.143651E+6
2.030000E+0	1.145014E+6
2.035000E+0	1.146178E+6
2.040000E+0	1.148135E+6
2.045000E+0	1.149646E+6
2.050000E+0	1.150728E+6
2.055000E+0	1.152490E+6
2.060000E+0	1.153947E+6
2.065000E+0	1.155065E+6
2.070000E+0	1.157140E+6
2.075000E+0	1.158420E+6
2.080000E+0	1.159623E+6
2.085000E+0	1.161309E+6
2.090000E+0	1.162742E+6
2.095000E+0	1.163931E+6
2.100000E+0	1.165648E+6
2.105000E+0	1.166935E+6
2.110000E+0	1.168024E+6
2.115000E+0	1.169966E+6
2.120000E+0	1.171260E+6
2.125000E+0	1.172636E+6
2.130000E+0	1.174205E+6
2.135000E+0	1.175540E+6
2.140000E+0	1.176821E+6
2.145000E+0	1.178654E+6
2.150000E+0	1.179756E+6
2.155000E+0	1.181214E+6
2.160000E+0	1.182909E+6
2.165000E+0	1.183741E+6
2.170000E+0	1.185284E+6
2.175000E+0	1.187013E+6
2.180000E+0	1.188034E+6
2.185000E+0	1.189531E+6
2.190000E+0	1.191056E+6
2.195000E+0	1.192083E+6
2.200000E+0	1.193696E+6
2.205000E+0	1.195031E+6
2.210000E+0	1.196315E+6
2.215000E+0	1.197775E+6
2.220000E+0	1.199436E+6
2.225000E+0	1.200192E+6
2.230000E+0	1.202112E+6
2.235000E+0	1.203451E+6
2.240000E+0	1.204549E+6
2.245000E+0	1.206182E+6
2.250000E+0	1.207660E+6
2.255000E+0	1.208699E+6
2.260000E+0	1.210480E+6
2.265000E+0	1.211600E+6
2.270000E+0	1.212853E+6
2.275000E+0	1.214372E+6
2.280000E+0	1.215623E+6
2.285000E+0	1.216735E+6
2.290000E+0	1.218563E+6
2.295000E+0	1.219635E+6
2.300000E+0	1.220816E+6
2.305000E+0	1.222585E+6
2.310000E+0	1.223521E+6
2.315000E+0	1.224884E+6
2.320000E+0	1.226732E+6
2.325000E+0	1.227653E+6
2.330000E+0	1.229024E+6
2.335000E+0	1.230759E+6
2.340000E+0	1.231485E+6
2.345000E+0	1.232901E+6
2.350000E+0	1.234192E+6
2.355000E+0	1.235363E+6
2.360000E+0	1.237068E+6
2.365000E+0	1.238465E+6
2.370000E+0	1.239197E+6
2.375000E+0	1.240961E+6
2.380000E+0	1.242344E+6
2.385000E+0	1.243433E+6
2.390000E+0	1.244934E+6
2.395000E+0	1.246101E+6
2.400000E+0	1.247042E+6
2.405000E+0	1.248783E+6
2.410000E+0	1.250026E+6
2.415000E+0	1.251036E+6
2.420000E+0	1.252846E+6
2.425000E+0	1.253941E+6
2.430000E+0	1.254788E+6
2.435000E+0	1.256587E+6
2.440000E+0	1.257659E+6
2.445000E+0	1.258903E+6
2.450000E+0	1.260479E+6
2.455000E+0	1.261396E+6
2.460000E+0	1.262705E+6
2.465000E+0	1.264395E+6
2.470000E+0	1.265181E+6
2.475000E+0	1.266671E+6
2.480000E+0	1.268164E+6
2.485000E+0	1.268930E+6
2.490000E+0	1.270509E+6
2.495000E+0	1.272075E+6
2.500000E+0	1.272760E+6
2.505000E+0	1.274259E+6
2.510000E+0	1.275522E+6
2.515000E+0	1.276209E+6
2.520000E+0	1.278042E+6
2.525000E+0	1.279072E+6
2.530000E+0	1.280019E+6
2.535000E+0	1.281721E+6
2.540000E+0	1.283100E+6
2.545000E+0	1.283922E+6
2.550000E+0	1.285557E+6
2.555000E+0	1.286836E+6
2.560000E+0	1.287821E+6
2.565000E+0	1.289396E+6
2.570000E+0	1.290379E+6
2.575000E+0	1.291294E+6
2.580000E+0	1.293147E+6
2.585000E+0	1.293990E+6
2.590000E+0	1.295051E+6
2.595000E+0	1.296517E+6
2.600000E+0	1.297711E+6
2.605000E+0	1.298755E+6
2.610000E+0	1.300220E+6
2.615000E+0	1.301174E+6
2.620000E+0	1.302297E+6
2.625000E+0	1.303963E+6
2.630000E+0	1.304716E+6
2.635000E+0	1.305964E+6
2.640000E+0	1.307506E+6
2.645000E+0	1.308063E+6
2.650000E+0	1.309699E+6
2.655000E+0	1.310959E+6
2.660000E+0	1.311855E+6
2.665000E+0	1.313221E+6
2.670000E+0	1.314343E+6
2.675000E+0	1.315260E+6
2.680000E+0	1.317031E+6
2.685000E+0	1.318491E+6
2.690000E+0	1.319220E+6
2.695000E+0	1.320500E+6
2.700000E+0	1.321645E+6
2.705000E+0	1.322326E+6
2.710000E+0	1.323883E+6
2.715000E+0	1.324979E+6
2.720000E+0	1.325818E+6
2.725000E+0	1.327421E+6
2.730000E+0	1.328228E+6
2.735000E+0	1.329240E+6
2.740000E+0	1.330821E+6
2.745000E+0	1.331889E+6
2.750000E+0	1.332873E+6
2.755000E+0	1.334322E+6
2.760000E+0	1.335338E+6
2.765000E+0	1.336455E+6
2.770000E+0	1.337704E+6
2.775000E+0	1.338719E+6
2.780000E+0	1.340144E+6
2.785000E+0	1.341123E+6
2.790000E+0	1.342221E+6
2.795000E+0	1.343306E+6
2.800000E+0	1.344775E+6
2.805000E+0	1.345439E+6
2.810000E+0	1.346726E+6
2.815000E+0	1.348257E+6
2.820000E+0	1.348709E+6
2.825000E+0	1.350224E+6
2.830000E+0	1.351503E+6
2.835000E+0	1.351981E+6
2.840000E+0	1.353540E+6
2.845000E+0	1.354625E+6
2.850000E+0	1.355523E+6
2.855000E+0	1.356883E+6
2.860000E+0	1.358187E+6
2.865000E+0	1.359007E+6
2.870000E+0	1.360191E+6
2.875000E+0	1.361623E+6
2.880000E+0	1.362202E+6
2.885000E+0	1.363978E+6
2.890000E+0	1.365005E+6
2.895000E+0	1.365643E+6
2.900000E+0	1.367222E+6
2.905000E+0	1.368264E+6
2.910000E+0	1.369068E+6
2.915000E+0	1.370783E+6
2.920000E+0	1.371509E+6
2.925000E+0	1.372653E+6
2.930000E+0	1.374021E+6
2.935000E+0	1.374693E+6
2.940000E+0	1.375843E+6
2.945000E+0	1.377456E+6
2.950000E+0	1.377798E+6
2.955000E+0	1.379213E+6
2.960000E+0	1.380374E+6
2.965000E+0	1.380983E+6
2.970000E+0	1.382976E+6
2.975000E+0	1.383821E+6
2.980000E+0	1.384368E+6
2.985000E+0	1.385588E+6
2.990000E+0	1.386747E+6
2.995000E+0	1.387561E+6
3.000000E+0	1.388841E+6
3.005000E+0	1.390186E+6
3.010000E+0	1.390715E+6
3.015000E+0	1.392203E+6
3.020000E+0	1.393071E+6
3.025000E+0	1.393852E+6
3.030000E+0	1.395562E+6
3.035000E+0	1.396452E+6
3.040000E+0	1.397211E+6
3.045000E+0	1.398599E+6
3.050000E+0	1.399650E+6
3.055000E+0	1.400548E+6
3.060000E+0	1.401875E+6
3.065000E+0	1.402797E+6
3.070000E+0	1.403548E+6
3.075000E+0	1.404926E+6
3.080000E+0	1.405873E+6
3.085000E+0	1.406924E+6
3.090000E+0	1.408236E+6
3.095000E+0	1.409006E+6
3.100000E+0	1.409940E+6
3.105000E+0	1.411276E+6
3.110000E+0	1.412021E+6
3.115000E+0	1.413033E+6
3.120000E+0	1.414243E+6
3.125000E+0	1.415024E+6
3.130000E+0	1.416288E+6
3.135000E+0	1.417559E+6
3.140000E+0	1.418098E+6
3.145000E+0	1.419351E+6
3.150000E+0	1.420631E+6
3.155000E+0	1.421390E+6
3.160000E+0	1.422510E+6
3.165000E+0	1.423758E+6
3.170000E+0	1.424240E+6
3.175000E+0	1.425799E+6
3.180000E+0	1.426704E+6
3.185000E+0	1.427308E+6
3.190000E+0	1.428735E+6
3.195000E+0	1.429663E+6
3.200000E+0	1.430345E+6
3.205000E+0	1.431927E+6
3.210000E+0	1.432892E+6
3.215000E+0	1.433568E+6
3.220000E+0	1.434952E+6
3.225000E+0	1.435754E+6
3.230000E+0	1.436646E+6
3.235000E+0	1.437996E+6
3.240000E+0	1.438750E+6
3.245000E+0	1.439694E+6
3.250000E+0	1.441233E+6
3.255000E+0	1.441751E+6
3.260000E+0	1.442711E+6
3.265000E+0	1.444145E+6
3.270000E+0	1.444837E+6
3.275000E+0	1.445779E+6
3.280000E+0	1.447164E+6
3.285000E+0	1.447894E+6
3.290000E+0	1.448889E+6
3.295000E+0	1.450130E+6
3.300000E+0	1.450709E+6
3.305000E+0	1.452115E+6
3.310000E+0	1.453179E+6
3.315000E+0	1.453335E+6
3.320000E+0	1.454989E+6
3.325000E+0	1.456546E+6
3.330000E+0	1.456502E+6
3.335000E+0	1.457863E+6
3.340000E+0	1.458963E+6
3.345000E+0	1.459593E+6
3.350000E+0	1.460773E+6
3.355000E+0	1.462071E+6
3.360000E+0	1.462590E+6
3.365000E+0	1.463965E+6
3.370000E+0	1.465144E+6
3.375000E+0	1.465540E+6
3.380000E+0	1.467096E+6
3.385000E+0	1.467941E+6
3.390000E+0	1.468620E+6
3.395000E+0	1.469884E+6
3.400000E+0	1.471034E+6
3.405000E+0	1.471579E+6
3.410000E+0	1.472948E+6
3.415000E+0	1.473817E+6
3.420000E+0	1.474648E+6
3.425000E+0	1.475848E+6
3.430000E+0	1.476780E+6
3.435000E+0	1.477400E+6
3.440000E+0	1.478818E+6
3.445000E+0	1.479464E+6
3.450000E+0	1.480669E+6
3.455000E+0	1.481746E+6
3.460000E+0	1.482376E+6
3.465000E+0	1.483543E+6
3.470000E+0	1.484878E+6
3.475000E+0	1.485266E+6
3.480000E+0	1.486374E+6
3.485000E+0	1.487565E+6
3.490000E+0	1.488073E+6
3.495000E+0	1.488887E+6
3.500000E+0	1.489531E+6
3.505000E+0	1.490674E+6
3.510000E+0	1.492197E+6
3.515000E+0	1.493287E+6
3.520000E+0	1.493854E+6
3.525000E+0	1.495364E+6
3.530000E+0	1.496375E+6
3.535000E+0	1.496758E+6
3.540000E+0	1.498082E+6
3.545000E+0	1.498846E+6
3.550000E+0	1.499680E+6
3.555000E+0	1.500680E+6
3.560000E+0	1.501893E+6
3.565000E+0	1.502487E+6
3.570000E+0	1.503698E+6
3.575000E+0	1.504853E+6
3.580000E+0	1.505602E+6
3.585000E+0	1.507028E+6
3.590000E+0	1.507490E+6
3.595000E+0	1.508233E+6
3.600000E+0	1.509771E+6
3.605000E+0	1.510422E+6
3.610000E+0	1.511234E+6
3.615000E+0	1.512727E+6
3.620000E+0	1.513284E+6
3.625000E+0	1.514067E+6
3.630000E+0	1.515246E+6
3.635000E+0	1.516055E+6
3.640000E+0	1.516991E+6
3.645000E+0	1.518201E+6
3.650000E+0	1.518783E+6
3.655000E+0	1.519878E+6
3.660000E+0	1.520953E+6
3.665000E+0	1.521621E+6
3.670000E+0	1.522650E+6
3.675000E+0	1.523834E+6
3.680000E+0	1.524273E+6
3.685000E+0	1.525542E+6
3.690000E+0	1.526626E+6
3.695000E+0	1.526999E+6
3.700000E+0	1.528224E+6
3.705000E+0	1.529288E+6
3.710000E+0	1.530025E+6
3.715000E+0	1.531123E+6
3.720000E+0	1.532185E+6
3.725000E+0	1.532770E+6
3.730000E+0	1.534012E+6
3.735000E+0	1.534867E+6
3.740000E+0	1.535303E+6
3.745000E+0	1.536851E+6
3.750000E+0	1.537628E+6
3.755000E+0	1.539172E+6
3.760000E+0	1.540258E+6
3.765000E+0	1.540854E+6
3.770000E+0	1.541845E+6
3.775000E+0	1.543106E+6
3.780000E+0	1.543728E+6
3.785000E+0	1.544552E+6
3.790000E+0	1.545749E+6
3.795000E+0	1.546299E+6
3.800000E+0	1.547355E+6
3.805000E+0	1.548513E+6
3.810000E+0	1.549095E+6
3.815000E+0	1.550058E+6
3.820000E+0	1.551420E+6
3.825000E+0	1.551888E+6
3.830000E+0	1.552822E+6
3.835000E+0	1.554006E+6
3.840000E+0	1.554458E+6
3.845000E+0	1.555464E+6
3.850000E+0	1.556561E+6
3.855000E+0	1.556925E+6
3.860000E+0	1.558299E+6
3.865000E+0	1.559368E+6
3.870000E+0	1.559841E+6
3.875000E+0	1.560913E+6
3.880000E+0	1.562074E+6
3.885000E+0	1.562443E+6
3.890000E+0	1.563875E+6
3.895000E+0	1.564731E+6
3.900000E+0	1.565166E+6
3.905000E+0	1.566501E+6
3.910000E+0	1.567367E+6
3.915000E+0	1.567888E+6
3.920000E+0	1.569462E+6
3.925000E+0	1.569819E+6
3.930000E+0	1.570766E+6
3.935000E+0	1.571912E+6
3.940000E+0	1.572941E+6
3.945000E+0	1.573434E+6
3.950000E+0	1.574636E+6
3.955000E+0	1.575506E+6
3.960000E+0	1.576222E+6
3.965000E+0	1.577340E+6
3.970000E+0	1.578201E+6
3.975000E+0	1.578925E+6
3.980000E+0	1.580225E+6
3.985000E+0	1.580809E+6
3.990000E+0	1.581600E+6
3.995000E+0	1.582910E+6
4.000000E+0	1.583331E+6
4.005000E+0	1.584397E+6
4.010000E+0	1.585576E+6
4.015000E+0	1.586039E+6
4.020000E+0	1.587156E+6
4.025000E+0	1.588136E+6
4.030000E+0	1.588728E+6
4.035000E+0	1.589875E+6
4.040000E+0	1.590775E+6
4.045000E+0	1.591199E+6
4.050000E+0	1.592608E+6
4.055000E+0	1.593297E+6
4.060000E+0	1.593927E+6
4.065000E+0	1.594884E+6
4.070000E+0	1.596053E+6
4.075000E+0	1.596668E+6
4.080000E+0	1.597732E+6
4.085000E+0	1.598715E+6
4.090000E+0	1.599371E+6
4.095000E+0	1.600471E+6
4.100000E+0	1.601448E+6
4.105000E+0	1.601804E+6
4.110000E+0	1.603008E+6
4.115000E+0	1.603876E+6
4.120000E+0	1.604659E+6
4.125000E+0	1.606020E+6
4.130000E+0	1.606647E+6
4.135000E+0	1.607265E+6
4.140000E+0	1.608474E+6
4.145000E+0	1.609297E+6
4.150000E+0	1.610118E+6
4.155000E+0	1.611203E+6
4.160000E+0	1.611739E+6
4.165000E+0	1.612678E+6
4.170000E+0	1.613821E+6
4.175000E+0	1.614355E+6
4.180000E+0	1.615222E+6
4.185000E+0	1.616475E+6
4.190000E+0	1.616905E+6
4.195000E+0	1.618127E+6
4.200000E+0	1.619127E+6
4.205000E+0	1.619360E+6
4.210000E+0	1.620523E+6
4.215000E+0	1.621598E+6
4.220000E+0	1.622083E+6
4.225000E+0	1.623134E+6
4.230000E+0	1.624308E+6
4.235000E+0	1.624447E+6
4.240000E+0	1.625723E+6
4.245000E+0	1.626786E+6
4.250000E+0	1.627239E+6
4.255000E+0	1.628726E+6
4.260000E+0	1.629326E+6
4.265000E+0	1.629852E+6
4.270000E+0	1.631133E+6
4.275000E+0	1.631883E+6
4.280000E+0	1.632626E+6
4.285000E+0	1.633932E+6
4.290000E+0	1.634438E+6
4.295000E+0	1.635036E+6
4.300000E+0	1.636429E+6
4.305000E+0	1.637039E+6
4.310000E+0	1.637669E+6
4.315000E+0	1.639068E+6
4.320000E+0	1.639428E+6
4.325000E+0	1.634492E+6
4.330000E+0	1.639570E+6
4.335000E+0	1.642439E+6
4.340000E+0	1.643460E+6
4.345000E+0	1.644187E+6
4.350000E+0	1.643904E+6
4.355000E+0	1.644167E+6
4.360000E+0	1.646467E+6
4.365000E+0	1.647918E+6
4.370000E+0	1.648681E+6
4.375000E+0	1.648850E+6
4.380000E+0	1.649966E+6
4.385000E+0	1.651162E+6
4.390000E+0	1.651834E+6
4.395000E+0	1.651887E+6
4.400000E+0	1.653365E+6
4.405000E+0	1.654314E+6
4.410000E+0	1.655073E+6
4.415000E+0	1.655973E+6
4.420000E+0	1.656885E+6
4.425000E+0	1.657522E+6
4.430000E+0	1.658794E+6
4.435000E+0	1.659368E+6
4.440000E+0	1.660208E+6
4.445000E+0	1.661047E+6
4.450000E+0	1.661486E+6
4.455000E+0	1.662591E+6
4.460000E+0	1.663952E+6
4.465000E+0	1.664284E+6
4.470000E+0	1.665297E+6
4.475000E+0	1.666277E+6
4.480000E+0	1.666762E+6
4.485000E+0	1.667834E+6
4.490000E+0	1.668783E+6
4.495000E+0	1.669293E+6
4.500000E+0	1.670641E+6
4.505000E+0	1.671264E+6
4.510000E+0	1.671781E+6
4.515000E+0	1.672706E+6
4.520000E+0	1.673839E+6
4.525000E+0	1.674242E+6
4.530000E+0	1.675428E+6
4.535000E+0	1.676246E+6
4.540000E+0	1.676781E+6
4.545000E+0	1.678042E+6
4.550000E+0	1.678930E+6
4.555000E+0	1.679324E+6
4.560000E+0	1.680354E+6
4.565000E+0	1.681243E+6
4.570000E+0	1.681867E+6
4.575000E+0	1.683017E+6
4.580000E+0	1.683928E+6
4.585000E+0	1.684415E+6
4.590000E+0	1.685773E+6
4.595000E+0	1.686584E+6
4.600000E+0	1.686947E+6
4.605000E+0	1.688421E+6
4.610000E+0	1.688689E+6
4.615000E+0	1.689810E+6
4.620000E+0	1.690770E+6
4.625000E+0	1.691094E+6
4.630000E+0	1.692176E+6
4.635000E+0	1.693283E+6
4.640000E+0	1.693863E+6
4.645000E+0	1.694723E+6
4.650000E+0	1.696190E+6
4.655000E+0	1.696019E+6
4.660000E+0	1.697285E+6
4.665000E+0	1.698033E+6
4.670000E+0	1.698299E+6
4.675000E+0	1.699486E+6
4.680000E+0	1.700690E+6
4.685000E+0	1.701195E+6
4.690000E+0	1.701762E+6
4.695000E+0	1.703285E+6
4.700000E+0	1.703600E+6
4.705000E+0	1.704852E+6
4.710000E+0	1.705348E+6
4.715000E+0	1.705611E+6
4.720000E+0	1.707456E+6
4.725000E+0	1.707915E+6
4.730000E+0	1.707371E+6
4.735000E+0	1.709732E+6
4.740000E+0	1.710297E+6
4.745000E+0	1.710758E+6
4.750000E+0	1.711685E+6
4.755000E+0	1.712867E+6
4.760000E+0	1.713272E+6
4.765000E+0	1.714327E+6
4.770000E+0	1.715248E+6
4.775000E+0	1.715612E+6
4.780000E+0	1.716945E+6
4.785000E+0	1.717632E+6
4.790000E+0	1.717968E+6
4.795000E+0	1.718389E+6
4.800000E+0	1.720789E+6
4.805000E+0	1.720574E+6
4.810000E+0	1.724842E+6
4.815000E+0	1.738679E+6
4.820000E+0	1.726814E+6
4.825000E+0	1.720816E+6
4.830000E+0	1.724569E+6
4.835000E+0	1.727266E+6
4.840000E+0	1.732133E+6
4.845000E+0	1.734218E+6
4.850000E+0	1.736311E+6
4.855000E+0	1.738121E+6
4.860000E+0	1.731574E+6
4.865000E+0	1.733296E+6
4.870000E+0	1.733889E+6
4.875000E+0	1.733169E+6
4.880000E+0	1.733511E+6
4.885000E+0	1.734343E+6
4.890000E+0	1.735055E+6
4.895000E+0	1.735431E+6
4.900000E+0	1.736255E+6
4.905000E+0	1.737113E+6
4.910000E+0	1.738868E+6
4.915000E+0	1.739534E+6
4.920000E+0	1.740318E+6
4.925000E+0	1.740803E+6
4.930000E+0	1.741867E+6
4.935000E+0	1.741745E+6
4.940000E+0	1.742597E+6
4.945000E+0	1.743641E+6
4.950000E+0	1.744113E+6
4.955000E+0	1.744809E+6
4.960000E+0	1.746412E+6
4.965000E+0	1.746323E+6
4.970000E+0	1.747568E+6
4.975000E+0	1.747783E+6
4.980000E+0	1.748973E+6
4.985000E+0	1.749186E+6
4.990000E+0	1.750419E+6
4.995000E+0	1.751894E+6
5.000000E+0	1.752545E+6
