applied voltage (volts)	measured current (nanoamps)	measured temperature (deg C)
-3.000000E+0	-7.273003E+3
-2.995000E+0	-6.636676E+3
-2.990000E+0	-6.510068E+3
-2.985000E+0	-6.870160E+3
-2.980000E+0	-6.595570E+3
-2.975000E+0	-6.498559E+3
-2.970000E+0	-6.825765E+3
-2.965000E+0	-6.378528E+3
-2.960000E+0	-6.612012E+3
-2.955000E+0	-6.889891E+3
-2.950000E+0	-6.342354E+3
-2.945000E+0	-6.672850E+3
-2.940000E+0	-6.686004E+3
-2.935000E+0	-6.140111E+3
-2.930000E+0	-5.923069E+3
-2.925000E+0	-4.854304E+3
-2.920000E+0	-7.478534E+3
-2.915000E+0	-6.977037E+3
-2.910000E+0	-6.436077E+3
-2.905000E+0	-9.048797E+3
-2.900000E+0	-6.023369E+3
-2.895000E+0	-6.577483E+3
-2.890000E+0	-6.176285E+3
-2.885000E+0	-7.356859E+3
-2.880000E+0	-6.250276E+3
-2.875000E+0	-5.597507E+3
-2.870000E+0	-6.985258E+3
-2.865000E+0	-6.565973E+3
-2.860000E+0	-6.477183E+3
-2.855000E+0	-6.858650E+3
-2.850000E+0	-6.480472E+3
-2.845000E+0	-6.325912E+3
-2.840000E+0	-6.916199E+3
-2.835000E+0	-6.649830E+3
-2.830000E+0	-6.373595E+3
-2.825000E+0	-7.059249E+3
-2.820000E+0	-6.519934E+3
-2.815000E+0	-6.309469E+3
-2.810000E+0	-7.051028E+3
-2.805000E+0	-6.612012E+3
-2.800000E+0	-6.329200E+3
-2.795000E+0	-6.850429E+3
-2.790000E+0	-6.588993E+3
-2.785000E+0	-6.367018E+3
-2.780000E+0	-6.873449E+3
-2.775000E+0	-6.523222E+3
-2.770000E+0	-6.493626E+3
-2.765000E+0	-7.004989E+3
-2.760000E+0	-6.441010E+3
-2.755000E+0	-6.542953E+3
-2.750000E+0	-6.820832E+3
-2.745000E+0	-6.447587E+3
-2.740000E+0	-6.666273E+3
-2.735000E+0	-6.781370E+3
-2.730000E+0	-6.559396E+3
-2.725000E+0	-6.682715E+3
-2.720000E+0	-6.584060E+3
-2.715000E+0	-6.182862E+3
-2.710000E+0	-6.616945E+3
-2.705000E+0	-6.584060E+3
-2.700000E+0	-6.385105E+3
-2.695000E+0	-6.796169E+3
-2.690000E+0	-6.630099E+3
-2.685000E+0	-6.212458E+3
-2.680000E+0	-6.832342E+3
-2.675000E+0	-6.371951E+3
-2.670000E+0	-6.273296E+3
-2.665000E+0	-6.840564E+3
-2.660000E+0	-6.263430E+3
-2.655000E+0	-6.302892E+3
-2.650000E+0	-6.901401E+3
-2.645000E+0	-6.661340E+3
-2.640000E+0	-6.761639E+3
-2.635000E+0	-6.781370E+3
-2.630000E+0	-6.912911E+3
-2.625000E+0	-6.513357E+3
-2.620000E+0	-7.468669E+3
-2.615000E+0	-5.952666E+3
-2.610000E+0	-6.542953E+3
-2.605000E+0	-7.059249E+3
-2.600000E+0	-6.845496E+3
-2.595000E+0	-6.478828E+3
-2.590000E+0	-6.616945E+3
-2.585000E+0	-6.445942E+3
-2.580000E+0	-6.419634E+3
-2.575000E+0	-7.047740E+3
-2.570000E+0	-6.010215E+3
-2.565000E+0	-7.208877E+3
-2.560000E+0	-6.500203E+3
-2.555000E+0	-6.355508E+3
-2.550000E+0	-7.051028E+3
-2.545000E+0	-6.094072E+3
-2.540000E+0	-6.932642E+3
-2.535000E+0	-6.465673E+3
-2.530000E+0	-6.518290E+3
-2.525000E+0	-6.977037E+3
-2.520000E+0	-6.164775E+3
-2.515000E+0	-7.180924E+3
-2.510000E+0	-6.533088E+3
-2.505000E+0	-6.373595E+3
-2.500000E+0	-7.210521E+3
-2.495000E+0	-5.839212E+3
-2.490000E+0	-7.238473E+3
-2.485000E+0	-6.588993E+3
-2.480000E+0	-5.911560E+3
-2.475000E+0	-6.998412E+3
-2.470000E+0	-6.271651E+3
-2.465000E+0	-6.421279E+3
-2.460000E+0	-6.728754E+3
-2.455000E+0	-6.294671E+3
-2.450000E+0	-6.394971E+3
-2.445000E+0	-6.881670E+3
-2.440000E+0	-6.312758E+3
-2.435000E+0	-6.388393E+3
-2.430000E+0	-6.787947E+3
-2.425000E+0	-6.427856E+3
-2.420000E+0	-6.383461E+3
-2.415000E+0	-6.891535E+3
-2.410000E+0	-6.071052E+3
-2.405000E+0	-6.493626E+3
-2.400000E+0	-6.730398E+3
-2.395000E+0	-6.268363E+3
-2.390000E+0	-6.796169E+3
-2.385000E+0	-6.380172E+3
-2.380000E+0	-6.092428E+3
-2.375000E+0	-6.746841E+3
-2.370000E+0	-6.485405E+3
-2.365000E+0	-6.141755E+3
-2.360000E+0	-6.927709E+3
-2.355000E+0	-8.655821E+3
-2.350000E+0	-6.251920E+3
-2.345000E+0	-5.590930E+3
-2.340000E+0	-6.352220E+3
-2.335000E+0	-6.348931E+3
-2.330000E+0	-6.983614E+3
-2.325000E+0	-6.434433E+3
-2.320000E+0	-6.588993E+3
-2.315000E+0	-1.107452E+4
-2.310000E+0	-6.223968E+3
-2.305000E+0	-9.530564E+3
-2.300000E+0	-7.462092E+3
-2.295000E+0	-6.306181E+3
-2.290000E+0	-8.494684E+3
-2.285000E+0	-6.880026E+3
-2.280000E+0	-6.177929E+3
-2.275000E+0	-6.684359E+3
-2.270000E+0	-6.554463E+3
-2.265000E+0	-6.279873E+3
-2.260000E+0	-6.240411E+3
-2.255000E+0	-6.417990E+3
-2.250000E+0	-6.324268E+3
-2.245000E+0	-6.575839E+3
-2.240000E+0	-6.493626E+3
-2.235000E+0	-6.467318E+3
-2.230000E+0	-6.620233E+3
-2.225000E+0	-6.521578E+3
-2.220000E+0	-6.404836E+3
-2.215000E+0	-6.649830E+3
-2.210000E+0	-6.385105E+3
-2.205000E+0	-6.204237E+3
-2.200000E+0	-6.771505E+3
-2.195000E+0	-6.388394E+3
-2.190000E+0	-6.266719E+3
-2.185000E+0	-6.833987E+3
-2.180000E+0	-6.429500E+3
-2.175000E+0	-6.263430E+3
-2.170000E+0	-6.766572E+3
-2.165000E+0	-6.289738E+3
-2.160000E+0	-6.304537E+3
-2.155000E+0	-6.858650E+3
-2.150000E+0	-6.209170E+3
-2.145000E+0	-6.393326E+3
-2.140000E+0	-6.577483E+3
-2.135000E+0	-6.200948E+3
-2.130000E+0	-6.362085E+3
-2.125000E+0	-6.600502E+3
-2.120000E+0	-6.168063E+3
-2.115000E+0	-6.667917E+3
-2.110000E+0	-6.551175E+3
-2.105000E+0	-6.335777E+3
-2.100000E+0	-6.429500E+3
-2.095000E+0	-6.316046E+3
-2.090000E+0	-6.011859E+3
-2.085000E+0	-6.375239E+3
-2.080000E+0	-6.417990E+3
-2.075000E+0	-6.059543E+3
-2.070000E+0	-6.524867E+3
-2.065000E+0	-6.365374E+3
-2.060000E+0	-6.125313E+3
-2.055000E+0	-6.733687E+3
-2.050000E+0	-6.330845E+3
-2.045000E+0	-6.118736E+3
-2.040000E+0	-6.597214E+3
-2.035000E+0	-6.151621E+3
-2.030000E+0	-6.232189E+3
-2.025000E+0	-6.723821E+3
-2.020000E+0	-6.306181E+3
-2.015000E+0	-6.251920E+3
-2.010000E+0	-6.764928E+3
-2.005000E+0	-6.316046E+3
-2.000000E+0	-6.288094E+3
-1.995000E+0	-6.774793E+3
-1.990000E+0	-6.225612E+3
-1.985000E+0	-6.409769E+3
-1.980000E+0	-6.740264E+3
-1.975000E+0	-6.130246E+3
-1.970000E+0	-6.467318E+3
-1.965000E+0	-6.681071E+3
-1.960000E+0	-6.069408E+3
-1.955000E+0	-6.228901E+3
-1.950000E+0	-6.477183E+3
-1.945000E+0	-6.057898E+3
-1.940000E+0	-6.393326E+3
-1.935000E+0	-6.646541E+3
-1.930000E+0	-6.128601E+3
-1.925000E+0	-6.490337E+3
-1.920000E+0	-6.459096E+3
-1.915000E+0	-6.261786E+3
-1.910000E+0	-6.529799E+3
-1.905000E+0	-6.396615E+3
-1.900000E+0	-6.253565E+3
-1.895000E+0	-6.608724E+3
-1.890000E+0	-6.309469E+3
-1.885000E+0	-5.946089E+3
-1.880000E+0	-6.602147E+3
-1.875000E+0	-6.439365E+3
-1.870000E+0	-6.010215E+3
-1.865000E+0	-6.082562E+3
-1.860000E+0	-6.501847E+3
-1.855000E+0	-6.422923E+3
-1.850000E+0	-6.763284E+3
-1.845000E+0	-6.409769E+3
-1.840000E+0	-6.439365E+3
-1.835000E+0	-6.860295E+3
-1.830000E+0	-6.207525E+3
-1.825000E+0	-6.378528E+3
-1.820000E+0	-6.551175E+3
-1.815000E+0	-6.168063E+3
-1.810000E+0	-6.437721E+3
-1.805000E+0	-6.620233E+3
-1.800000E+0	-6.302892E+3
-1.795000E+0	-6.646541E+3
-1.790000E+0	-6.391682E+3
-1.785000E+0	-6.128601E+3
-1.780000E+0	-6.266719E+3
-1.775000E+0	-6.278228E+3
-1.770000E+0	-6.209170E+3
-1.765000E+0	-6.464029E+3
-1.760000E+0	-6.414702E+3
-1.755000E+0	-6.136823E+3
-1.750000E+0	-6.605435E+3
-1.745000E+0	-6.758351E+3
-1.740000E+0	-6.209170E+3
-1.735000E+0	-7.143106E+3
-1.730000E+0	-6.485405E+3
-1.725000E+0	-6.140111E+3
-1.720000E+0	-6.796169E+3
-1.715000E+0	-6.516645E+3
-1.710000E+0	-6.342354E+3
-1.705000E+0	-6.779726E+3
-1.700000E+0	-6.373595E+3
-1.695000E+0	-6.301248E+3
-1.690000E+0	-6.983614E+3
-1.685000E+0	-6.258497E+3
-1.680000E+0	-6.408125E+3
-1.675000E+0	-6.631743E+3
-1.670000E+0	-6.140111E+3
-1.665000E+0	-6.447587E+3
-1.660000E+0	-6.888247E+3
-1.655000E+0	-6.033235E+3
-1.650000E+0	-6.335777E+3
-1.645000E+0	-6.794524E+3
-1.640000E+0	-6.123669E+3
-1.635000E+0	-6.339066E+3
-1.630000E+0	-6.639964E+3
-1.625000E+0	-5.867165E+3
-1.620000E+0	-6.483760E+3
-1.615000E+0	-6.444298E+3
-1.610000E+0	-6.056254E+3
-1.605000E+0	-6.559396E+3
-1.600000E+0	-6.592281E+3
-1.595000E+0	-6.034879E+3
-1.590000E+0	-6.417990E+3
-1.585000E+0	-6.327556E+3
-1.580000E+0	-6.291382E+3
-1.575000E+0	-6.702446E+3
-1.570000E+0	-6.385105E+3
-1.565000E+0	-6.320979E+3
-1.560000E+0	-6.776438E+3
-1.555000E+0	-6.398259E+3
-1.550000E+0	-6.380172E+3
-1.545000E+0	-6.674494E+3
-1.540000E+0	-6.335777E+3
-1.535000E+0	-6.572550E+3
-1.530000E+0	-6.593925E+3
-1.525000E+0	-6.210814E+3
-1.520000E+0	-6.409769E+3
-1.515000E+0	-6.491982E+3
-1.510000E+0	-6.230545E+3
-1.505000E+0	-6.442654E+3
-1.500000E+0	-6.417990E+3
-1.495000E+0	-6.286450E+3
-1.490000E+0	-6.419634E+3
-1.485000E+0	-6.478828E+3
-1.480000E+0	-6.097360E+3
-1.475000E+0	-6.531444E+3
-1.470000E+0	-6.465673E+3
-1.465000E+0	-6.316046E+3
-1.460000E+0	-6.485405E+3
-1.455000E+0	-6.322623E+3
-1.450000E+0	-6.248632E+3
-1.445000E+0	-6.363730E+3
-1.440000E+0	-6.240411E+3
-1.435000E+0	-6.371951E+3
-1.430000E+0	-6.635032E+3
-1.425000E+0	-6.679427E+3
-1.420000E+0	-5.895117E+3
-1.415000E+0	-6.779726E+3
-1.410000E+0	-6.204237E+3
-1.405000E+0	-6.148332E+3
-1.400000E+0	-6.686004E+3
-1.395000E+0	-6.355508E+3
-1.390000E+0	-6.237122E+3
-1.385000E+0	-6.707379E+3
-1.380000E+0	-6.414702E+3
-1.375000E+0	-6.274940E+3
-1.370000E+0	-6.735331E+3
-1.365000E+0	-6.319335E+3
-1.360000E+0	-6.271651E+3
-1.355000E+0	-6.649830E+3
-1.350000E+0	-6.237122E+3
-1.345000E+0	-6.427856E+3
-1.340000E+0	-6.728754E+3
-1.335000E+0	-6.416346E+3
-1.330000E+0	-6.436077E+3
-1.325000E+0	-6.636676E+3
-1.320000E+0	-6.184506E+3
-1.315000E+0	-6.511713E+3
-1.310000E+0	-6.424567E+3
-1.305000E+0	-6.355508E+3
-1.300000E+0	-6.467318E+3
-1.295000E+0	-6.140111E+3
-1.290000E+0	-6.016792E+3
-1.285000E+0	-6.585704E+3
-1.280000E+0	-6.413057E+3
-1.275000E+0	-6.207526E+3
-1.270000E+0	-6.500203E+3
-1.265000E+0	-6.526511E+3
-1.260000E+0	-6.059543E+3
-1.255000E+0	-6.791236E+3
-1.250000E+0	-6.454164E+3
-1.245000E+0	-6.289738E+3
-1.240000E+0	-6.552819E+3
-1.235000E+0	-6.375239E+3
-1.230000E+0	-6.209170E+3
-1.225000E+0	-6.664628E+3
-1.220000E+0	-6.403192E+3
-1.215000E+0	-6.110514E+3
-1.210000E+0	-6.526511E+3
-1.205000E+0	-6.327556E+3
-1.200000E+0	-6.235478E+3
-1.195000E+0	-6.510068E+3
-1.190000E+0	-6.281517E+3
-1.185000E+0	-6.171352E+3
-1.180000E+0	-6.424567E+3
-1.175000E+0	-6.177929E+3
-1.170000E+0	-6.373595E+3
-1.165000E+0	-6.450875E+3
-1.160000E+0	-6.103937E+3
-1.155000E+0	-6.240411E+3
-1.150000E+0	-6.393326E+3
-1.145000E+0	-6.084206E+3
-1.140000E+0	-6.291382E+3
-1.135000E+0	-6.304537E+3
-1.130000E+0	-5.937868E+3
-1.125000E+0	-6.284805E+3
-1.120000E+0	-6.179573E+3
-1.115000E+0	-6.082562E+3
-1.110000E+0	-6.345643E+3
-1.105000E+0	-6.276584E+3
-1.100000E+0	-6.011859E+3
-1.095000E+0	-6.225612E+3
-1.090000E+0	-6.034879E+3
-1.085000E+0	-5.972397E+3
-1.080000E+0	-6.424567E+3
-1.075000E+0	-5.880319E+3
-1.070000E+0	-5.765221E+3
-1.065000E+0	-6.102293E+3
-1.060000E+0	-5.722470E+3
-1.055000E+0	-6.299604E+3
-1.050000E+0	-5.768510E+3
-1.045000E+0	-5.676431E+3
-1.040000E+0	-5.854011E+3
-1.035000E+0	-6.107226E+3
-1.030000E+0	-5.655056E+3
-1.025000E+0	-5.743846E+3
-1.020000E+0	-5.886896E+3
-1.015000E+0	-5.475832E+3
-1.010000E+0	-5.735624E+3
-1.005000E+0	-5.490631E+3
-1.000000E+0	-5.117385E+3
-9.950000E-1	-5.816193E+3
-9.900000E-1	-5.411706E+3
-9.850000E-1	-4.890478E+3
-9.800000E-1	-5.559689E+3
-9.750000E-1	-5.341003E+3
-9.700000E-1	-5.168357E+3
-9.650000E-1	-5.347580E+3
-9.600000E-1	-4.936517E+3
-9.550000E-1	-5.022018E+3
-9.500000E-1	-5.163424E+3
-9.450000E-1	-4.906920E+3
-9.400000E-1	-4.790178E+3
-9.350000E-1	-5.132183E+3
-9.300000E-1	-4.686590E+3
-9.250000E-1	-3.527391E+3
-9.200000E-1	-4.801688E+3
-9.150000E-1	-4.362672E+3
-9.100000E-1	-4.278815E+3
-9.050000E-1	-4.517232E+3
-9.000000E-1	-4.099591E+3
-8.950000E-1	-4.140697E+3
-8.900000E-1	-4.073283E+3
-8.850000E-1	-3.645777E+3
-8.800000E-1	-3.704970E+3
-8.750000E-1	-3.593161E+3
-8.700000E-1	-3.464909E+3
-8.650000E-1	-3.476419E+3
-8.600000E-1	-3.576718E+3
-8.550000E-1	-2.872977E+3
-8.500000E-1	-3.231425E+3
-8.450000E-1	-3.086730E+3
-8.400000E-1	-2.376412E+3
-8.350000E-1	-2.665801E+3
-8.300000E-1	-2.356681E+3
-8.250000E-1	-2.054138E+3
-8.200000E-1	-2.378057E+3
-8.150000E-1	-2.008099E+3
-8.100000E-1	-1.702268E+3
-8.050000E-1	-2.060715E+3
-8.000000E-1	-1.368484E+3
-7.950000E-1	-1.093894E+3
-7.900000E-1	-1.440831E+3
-7.850000E-1	-8.324572E+2
-7.800000E-1	-4.674327E+2
-7.750000E-1	-8.324572E+2
-7.700000E-1	-1.731112E+2
-7.650000E-1	-5.143632E+1
-7.600000E-1	-2.421698E+2
-7.550000E-1	7.723352E+2
-7.500000E-1	5.536494E+2
-7.450000E-1	4.763694E+2
-7.400000E-1	1.339603E+3
-7.350000E-1	1.365911E+3
-7.300000E-1	1.472788E+3
-7.250000E-1	2.252164E+3
-7.200000E-1	2.123913E+3
-7.150000E-1	2.304781E+3
-7.100000E-1	2.832586E+3
-7.050000E-1	3.008521E+3
-7.000000E-1	3.368613E+3
-6.950000E-1	4.204647E+2
-6.900000E-1	4.968473E+3
-6.850000E-1	4.555765E+3
-6.800000E-1	4.544255E+3
-6.750000E-1	4.700459E+3
-6.700000E-1	5.223332E+3
-6.650000E-1	5.685368E+3
-6.600000E-1	5.665637E+3
-6.550000E-1	6.471322E+3
-6.500000E-1	6.977752E+3
-6.450000E-1	6.653834E+3
-6.400000E-1	7.510491E+3
-6.350000E-1	7.988969E+3
-6.300000E-1	7.944574E+3
-6.250000E-1	8.914684E+3
-6.200000E-1	9.276420E+3
-6.150000E-1	9.128437E+3
-6.100000E-1	1.029586E+4
-6.050000E-1	1.061320E+4
-6.000000E-1	1.080229E+4
-5.950000E-1	1.164744E+4
-5.900000E-1	1.200917E+4
-5.850000E-1	1.234789E+4
-5.800000E-1	1.321605E+4
-5.750000E-1	1.367645E+4
-5.700000E-1	1.391157E+4
-5.650000E-1	1.488497E+4
-5.600000E-1	1.537496E+4
-5.550000E-1	1.561009E+4
-5.500000E-1	1.661144E+4
-5.450000E-1	1.712774E+4
-5.400000E-1	1.755853E+4
-5.350000E-1	1.871115E+4
-5.300000E-1	1.903014E+4
-5.250000E-1	1.959083E+4
-5.200000E-1	2.075661E+4
-5.150000E-1	2.080100E+4
-5.100000E-1	2.188621E+4
-5.050000E-1	2.283823E+4
-5.000000E-1	2.311282E+4
-4.950000E-1	2.373106E+4
-4.900000E-1	2.515170E+4
-4.850000E-1	2.552330E+4
-4.800000E-1	2.637338E+4
-4.750000E-1	2.749969E+4
-4.700000E-1	2.737144E+4
-4.650000E-1	2.891869E+4
-4.600000E-1	2.909626E+4
-4.550000E-1	2.995128E+4
-4.500000E-1	3.363605E+4
-4.450000E-1	3.229270E+4
-4.400000E-1	3.387611E+4
-4.350000E-1	3.540198E+4
-4.300000E-1	3.570452E+4
-4.250000E-1	3.661873E+4
-4.200000E-1	3.819064E+4
-4.150000E-1	3.915746E+4
-4.100000E-1	4.008317E+4
-4.050000E-1	4.178662E+4
-4.000000E-1	4.239500E+4
-3.950000E-1	4.353118E+4
-3.900000E-1	4.526751E+4
-3.850000E-1	4.623433E+4
-3.800000E-1	4.732612E+4
-3.750000E-1	4.911671E+4
-3.700000E-1	4.994212E+4
-3.650000E-1	5.151568E+4
-3.600000E-1	5.301853E+4
-3.550000E-1	5.383572E+4
-3.500000E-1	5.549313E+4
-3.450000E-1	5.699762E+4
-3.400000E-1	5.817820E+4
-3.350000E-1	5.982903E+4
-3.300000E-1	6.136805E+4
-3.250000E-1	6.230199E+4
-3.200000E-1	6.419617E+4
-3.150000E-1	6.598676E+4
-3.100000E-1	6.670201E+4
-3.050000E-1	6.876226E+4
-3.000000E-1	7.047393E+4
-2.950000E-1	7.161340E+4
-2.900000E-1	7.351416E+4
-2.850000E-1	7.516828E+4
-2.800000E-1	7.654616E+4
-2.750000E-1	7.848474E+4
-2.700000E-1	8.018490E+4
-2.650000E-1	8.156443E+4
-2.600000E-1	8.357535E+4
-2.550000E-1	8.515219E+4
-2.500000E-1	8.683755E+4
-2.450000E-1	8.912471E+4
-2.400000E-1	9.053877E+4
-2.350000E-1	9.209095E+4
-2.300000E-1	9.440112E+4
-2.250000E-1	9.611773E+4
-2.200000E-1	9.796094E+4
-2.150000E-1	1.000935E+5
-2.100000E-1	1.016161E+5
-2.050000E-1	1.034067E+5
-2.000000E-1	1.057662E+5
-1.950000E-1	1.076242E+5
-1.900000E-1	1.096319E+5
-1.850000E-1	1.117793E+5
-1.800000E-1	1.134432E+5
-1.750000E-1	1.157518E+5
-1.700000E-1	1.178482E+5
-1.650000E-1	1.195664E+5
-1.600000E-1	1.215050E+5
-1.550000E-1	1.241013E+5
-1.500000E-1	1.256864E+5
-1.450000E-1	1.286641E+5
-1.400000E-1	1.306586E+5
-1.350000E-1	1.324114E+5
-1.300000E-1	1.348975E+5
-1.250000E-1	1.373491E+5
-1.200000E-1	1.390361E+5
-1.150000E-1	1.417228E+5
-1.100000E-1	1.442204E+5
-1.050000E-1	1.459452E+5
-1.000000E-1	1.487733E+5
-9.500000E-2	1.512167E+5
-9.000000E-2	1.531602E+5
-8.500000E-2	1.558403E+5
-8.000000E-2	1.582886E+5
-7.500000E-2	1.604574E+5
-7.000000E-2	1.631425E+5
-6.500000E-2	1.654888E+5
-6.000000E-2	1.677299E+5
-5.500000E-2	1.705449E+5
-5.000000E-2	1.725821E+5
-4.500000E-2	1.750748E+5
-4.000000E-2	1.780657E+5
-3.500000E-2	1.801342E+5
-3.000000E-2	1.828275E+5
-2.500000E-2	1.859565E+5
-2.000000E-2	1.875942E+5
-1.500000E-2	1.902579E+5
-1.000000E-2	1.933507E+5
-5.000000E-3	1.957661E+5
-4.181204E-14	1.981684E+5
5.000000E-3	2.009422E+5
1.000000E-2	2.030831E+5
1.500000E-2	2.061677E+5
2.000000E-2	2.090879E+5
2.500000E-2	2.111629E+5
3.000000E-2	2.139154E+5
3.500000E-2	2.166531E+5
4.000000E-2	2.189156E+5
4.500000E-2	2.223406E+5
5.000000E-2	2.247790E+5
5.500000E-2	2.273769E+5
6.000000E-2	2.301376E+5
6.500000E-2	2.326928E+5
7.000000E-2	2.355045E+5
7.500000E-2	2.381632E+5
8.000000E-2	2.407858E+5
8.500000E-2	2.433311E+5
9.000000E-2	2.465013E+5
9.500000E-2	2.493655E+5
1.000000E-1	2.516478E+5
1.050000E-1	2.546485E+5
1.100000E-1	2.572218E+5
1.150000E-1	2.601124E+5
1.200000E-1	2.629586E+5
1.250000E-1	2.655088E+5
1.300000E-1	2.681676E+5
1.350000E-1	2.712095E+5
1.400000E-1	2.737646E+5
1.450000E-1	2.766865E+5
1.500000E-1	2.794521E+5
1.550000E-1	2.815814E+5
1.600000E-1	2.849752E+5
1.650000E-1	2.877786E+5
1.700000E-1	2.897830E+5
1.750000E-1	2.930863E+5
1.800000E-1	2.956678E+5
1.850000E-1	2.984811E+5
1.900000E-1	3.015377E+5
1.950000E-1	3.040239E+5
2.000000E-1	3.064047E+5
2.050000E-1	3.097015E+5
2.100000E-1	3.127384E+5
2.150000E-1	3.149187E+5
2.200000E-1	3.179293E+5
2.250000E-1	3.203036E+5
2.300000E-1	3.229805E+5
2.350000E-1	3.265173E+5
2.400000E-1	3.286975E+5
2.450000E-1	3.309272E+5
2.500000E-1	3.341943E+5
2.550000E-1	3.364847E+5
2.600000E-1	3.396910E+5
2.650000E-1	3.424567E+5
2.700000E-1	3.443344E+5
2.750000E-1	3.472135E+5
2.800000E-1	3.501666E+5
2.850000E-1	3.526708E+5
2.900000E-1	3.554035E+5
2.950000E-1	3.576101E+5
3.000000E-1	3.600255E+5
3.050000E-1	3.632072E+5
3.100000E-1	3.661356E+5
3.150000E-1	3.675365E+5
3.200000E-1	3.705488E+5
3.250000E-1	3.733374E+5
3.300000E-1	3.756410E+5
3.350000E-1	3.777621E+5
3.400000E-1	3.807793E+5
3.450000E-1	3.834956E+5
3.500000E-1	3.855394E+5
3.550000E-1	3.879663E+5
3.600000E-1	3.901516E+5
3.650000E-1	3.938330E+5
3.700000E-1	3.945203E+5
3.750000E-1	3.974241E+5
3.800000E-1	4.015084E+5
3.850000E-1	4.017271E+5
3.900000E-1	4.056865E+5
3.950000E-1	4.061140E+5
4.000000E-1	4.102328E+5
4.050000E-1	4.120826E+5
4.100000E-1	4.140985E+5
4.150000E-1	4.162541E+5
4.200000E-1	4.189704E+5
4.250000E-1	4.213842E+5
4.300000E-1	4.230794E+5
4.350000E-1	4.246957E+5
4.400000E-1	4.283180E+5
4.450000E-1	4.296860E+5
4.500000E-1	4.332952E+5
4.550000E-1	4.343228E+5
4.600000E-1	4.359802E+5
4.650000E-1	4.383891E+5
4.700000E-1	4.413290E+5
4.750000E-1	4.428088E+5
4.800000E-1	4.452193E+5
4.850000E-1	4.467928E+5
4.900000E-1	4.490159E+5
4.950000E-1	4.518604E+5
5.000000E-1	4.537234E+5
5.050000E-1	4.551654E+5
5.100000E-1	4.575775E+5
5.150000E-1	4.598416E+5
5.200000E-1	4.616914E+5
5.250000E-1	4.644604E+5
5.300000E-1	4.653022E+5
5.350000E-1	4.676732E+5
5.400000E-1	4.700870E+5
5.450000E-1	4.720174E+5
5.500000E-1	4.740957E+5
5.550000E-1	4.758123E+5
5.600000E-1	4.777640E+5
5.650000E-1	4.795842E+5
5.700000E-1	4.820473E+5
5.750000E-1	4.836965E+5
5.800000E-1	4.852109E+5
5.850000E-1	4.875424E+5
5.900000E-1	4.891620E+5
5.950000E-1	4.916777E+5
6.000000E-1	4.930079E+5
6.050000E-1	4.947442E+5
6.100000E-1	4.966253E+5
6.150000E-1	4.995668E+5
6.200000E-1	5.003281E+5
6.250000E-1	5.023917E+5
6.300000E-1	5.044190E+5
6.350000E-1	5.053102E+5
6.400000E-1	5.092383E+5
6.450000E-1	5.097629E+5
6.500000E-1	5.112887E+5
6.550000E-1	5.133802E+5
6.600000E-1	5.157578E+5
6.650000E-1	5.172278E+5
6.700000E-1	5.194229E+5
6.750000E-1	5.203831E+5
6.800000E-1	5.219238E+5
6.850000E-1	5.245710E+5
6.900000E-1	5.265770E+5
6.950000E-1	5.279089E+5
7.000000E-1	5.289595E+5
7.050000E-1	5.313618E+5
7.100000E-1	5.336901E+5
7.150000E-1	5.349676E+5
7.200000E-1	5.363011E+5
7.250000E-1	5.383795E+5
7.300000E-1	5.401142E+5
7.350000E-1	5.418932E+5
7.400000E-1	5.435079E+5
7.450000E-1	5.450420E+5
7.500000E-1	5.465711E+5
7.550000E-1	5.478372E+5
7.600000E-1	5.514628E+5
7.650000E-1	5.521435E+5
7.700000E-1	5.535115E+5
7.750000E-1	5.554978E+5
7.800000E-1	5.568412E+5
7.850000E-1	5.594572E+5
7.900000E-1	5.610373E+5
7.950000E-1	5.617509E+5
8.000000E-1	5.632899E+5
8.050000E-1	5.663137E+5
8.100000E-1	5.673677E+5
8.150000E-1	5.688886E+5
8.200000E-1	5.709834E+5
8.250000E-1	5.716723E+5
8.300000E-1	5.744807E+5
8.350000E-1	5.760263E+5
8.400000E-1	5.766577E+5
8.450000E-1	5.790189E+5
8.500000E-1	5.804411E+5
8.550000E-1	5.825474E+5
8.600000E-1	5.844498E+5
8.650000E-1	5.850944E+5
8.700000E-1	5.868669E+5
8.750000E-1	5.888893E+5
8.800000E-1	5.908575E+5
8.850000E-1	5.919115E+5
8.900000E-1	5.934801E+5
8.950000E-1	5.949944E+5
9.000000E-1	5.967176E+5
9.050000E-1	5.989012E+5
9.100000E-1	5.996411E+5
9.150000E-1	6.011933E+5
9.200000E-1	6.031795E+5
9.250000E-1	6.047630E+5
9.300000E-1	6.064894E+5
9.350000E-1	6.075187E+5
9.400000E-1	6.087042E+5
9.450000E-1	6.105590E+5
9.500000E-1	6.131289E+5
9.550000E-1	6.141730E+5
9.600000E-1	6.154292E+5
9.650000E-1	6.172659E+5
9.700000E-1	6.184152E+5
9.750000E-1	6.210394E+5
9.800000E-1	6.222710E+5
9.850000E-1	6.230060E+5
9.900000E-1	6.248870E+5
9.950000E-1	6.268700E+5
1.000000E+0	6.284287E+5
1.005000E+0	6.294909E+5
1.010000E+0	6.309576E+5
1.015000E+0	6.323388E+5
1.020000E+0	6.346917E+5
1.025000E+0	6.362636E+5
1.030000E+0	6.369032E+5
1.035000E+0	6.388664E+5
1.040000E+0	6.403644E+5
1.045000E+0	6.421813E+5
1.050000E+0	6.440787E+5
1.055000E+0	6.445917E+5
1.060000E+0	6.463182E+5
1.065000E+0	6.483916E+5
1.070000E+0	6.497892E+5
1.075000E+0	6.512740E+5
1.080000E+0	6.523954E+5
1.085000E+0	6.534559E+5
1.090000E+0	6.556378E+5
1.095000E+0	6.578083E+5
1.100000E+0	6.581848E+5
1.105000E+0	6.596137E+5
1.110000E+0	6.615407E+5
1.115000E+0	6.632968E+5
1.120000E+0	6.649789E+5
1.125000E+0	6.656415E+5
1.130000E+0	6.670161E+5
1.135000E+0	6.689415E+5
1.140000E+0	6.711695E+5
1.145000E+0	6.721379E+5
1.150000E+0	6.732544E+5
1.155000E+0	6.746027E+5
1.160000E+0	6.762173E+5
1.165000E+0	6.784535E+5
1.170000E+0	6.796341E+5
1.175000E+0	6.800073E+5
1.180000E+0	6.821893E+5
1.185000E+0	6.835326E+5
1.190000E+0	6.856570E+5
1.195000E+0	6.869773E+5
1.200000E+0	6.875643E+5
1.205000E+0	6.885904E+5
1.210000E+0	6.920778E+5
1.215000E+0	6.920038E+5
1.220000E+0	6.940115E+5
1.225000E+0	6.947810E+5
1.230000E+0	6.959895E+5
1.235000E+0	6.986450E+5
1.240000E+0	7.003731E+5
1.245000E+0	7.003238E+5
1.250000E+0	7.024054E+5
1.255000E+0	7.036682E+5
1.260000E+0	7.054637E+5
1.265000E+0	7.071227E+5
1.270000E+0	7.083954E+5
1.275000E+0	7.092701E+5
1.280000E+0	7.113156E+5
1.285000E+0	7.131029E+5
1.290000E+0	7.139267E+5
1.295000E+0	7.154838E+5
1.300000E+0	7.167235E+5
1.305000E+0	7.182149E+5
1.310000E+0	7.203426E+5
1.315000E+0	7.209148E+5
1.320000E+0	7.220049E+5
1.325000E+0	7.238843E+5
1.330000E+0	7.255400E+5
1.335000E+0	7.267864E+5
1.340000E+0	7.281692E+5
1.345000E+0	7.287135E+5
1.350000E+0	7.306685E+5
1.355000E+0	7.330937E+5
1.360000E+0	7.336594E+5
1.365000E+0	7.347364E+5
1.370000E+0	7.360468E+5
1.375000E+0	7.375102E+5
1.380000E+0	7.396198E+5
1.385000E+0	7.409763E+5
1.390000E+0	7.411226E+5
1.395000E+0	7.428623E+5
1.400000E+0	7.455720E+5
1.405000E+0	7.464500E+5
1.410000E+0	7.474185E+5
1.415000E+0	7.484231E+5
1.420000E+0	7.498240E+5
1.425000E+0	7.519928E+5
1.430000E+0	7.538541E+5
1.435000E+0	7.532901E+5
1.440000E+0	7.559785E+5
1.445000E+0	7.569667E+5
1.450000E+0	7.588411E+5
1.455000E+0	7.602831E+5
1.460000E+0	7.606959E+5
1.465000E+0	7.620277E+5
1.470000E+0	7.639975E+5
1.475000E+0	7.656122E+5
1.480000E+0	7.667500E+5
1.485000E+0	7.675688E+5
1.490000E+0	7.687626E+5
1.495000E+0	7.708869E+5
1.500000E+0	7.725805E+5
1.505000E+0	7.727565E+5
1.510000E+0	7.739847E+5
1.515000E+0	7.756849E+5
1.520000E+0	7.776465E+5
1.525000E+0	7.790211E+5
1.530000E+0	7.796788E+5
1.535000E+0	7.803562E+5
1.540000E+0	7.823162E+5
1.545000E+0	7.846066E+5
1.550000E+0	7.852216E+5
1.555000E+0	7.859631E+5
1.560000E+0	7.875334E+5
1.565000E+0	7.885906E+5
1.570000E+0	7.909386E+5
1.575000E+0	7.917262E+5
1.580000E+0	7.928969E+5
1.585000E+0	7.936385E+5
1.590000E+0	7.957826E+5
1.595000E+0	7.963597E+5
1.600000E+0	7.990366E+5
1.605000E+0	7.987094E+5
1.610000E+0	8.002435E+5
1.615000E+0	8.027674E+5
1.620000E+0	8.038707E+5
1.625000E+0	8.041173E+5
1.630000E+0	8.056744E+5
1.635000E+0	8.063667E+5
1.640000E+0	8.091093E+5
1.645000E+0	8.103737E+5
1.650000E+0	8.101073E+5
1.655000E+0	8.118239E+5
1.660000E+0	8.133646E+5
1.665000E+0	8.146373E+5
1.670000E+0	8.159066E+5
1.675000E+0	8.166630E+5
1.680000E+0	8.176117E+5
1.685000E+0	8.197131E+5
1.690000E+0	8.215842E+5
1.695000E+0	8.215842E+5
1.700000E+0	8.231068E+5
1.705000E+0	8.245965E+5
1.710000E+0	8.259497E+5
1.715000E+0	8.277173E+5
1.720000E+0	8.280347E+5
1.725000E+0	8.288749E+5
1.730000E+0	8.306359E+5
1.735000E+0	8.327997E+5
1.740000E+0	8.335051E+5
1.745000E+0	8.342812E+5
1.750000E+0	8.352908E+5
1.755000E+0	8.366029E+5
1.760000E+0	8.388999E+5
1.765000E+0	8.394376E+5
1.770000E+0	8.402120E+5
1.775000E+0	8.419039E+5
1.780000E+0	8.428132E+5
1.785000E+0	8.449047E+5
1.790000E+0	8.456183E+5
1.795000E+0	8.459636E+5
1.800000E+0	8.474484E+5
1.805000E+0	8.496632E+5
1.810000E+0	8.504458E+5
1.815000E+0	8.508980E+5
1.820000E+0	8.522874E+5
1.825000E+0	8.533825E+5
1.830000E+0	8.553983E+5
1.835000E+0	8.568387E+5
1.840000E+0	8.568864E+5
1.845000E+0	8.584764E+5
1.850000E+0	8.588759E+5
1.855000E+0	8.614443E+5
1.860000E+0	8.628090E+5
1.865000E+0	8.629290E+5
1.870000E+0	8.638350E+5
1.875000E+0	8.652770E+5
1.880000E+0	8.675971E+5
1.885000E+0	8.683156E+5
1.890000E+0	8.683814E+5
1.895000E+0	8.698546E+5
1.900000E+0	8.710533E+5
1.905000E+0	8.736742E+5
1.910000E+0	8.738913E+5
1.915000E+0	8.743188E+5
1.920000E+0	8.759400E+5
1.925000E+0	8.766701E+5
1.930000E+0	8.786514E+5
1.935000E+0	8.802578E+5
1.940000E+0	8.801345E+5
1.945000E+0	8.814746E+5
1.950000E+0	8.826140E+5
1.955000E+0	8.843750E+5
1.960000E+0	8.853254E+5
1.965000E+0	8.856822E+5
1.970000E+0	8.866737E+5
1.975000E+0	8.882358E+5
1.980000E+0	8.902121E+5
1.985000E+0	8.906298E+5
1.990000E+0	8.913023E+5
1.995000E+0	8.927098E+5
2.000000E+0	8.937078E+5
2.005000E+0	8.961627E+5
2.010000E+0	8.962992E+5
2.015000E+0	8.967086E+5
2.020000E+0	8.983216E+5
2.025000E+0	8.998360E+5
2.030000E+0	9.010922E+5
2.035000E+0	9.017844E+5
2.040000E+0	9.025161E+5
2.045000E+0	9.033596E+5
2.050000E+0	9.058753E+5
2.055000E+0	9.066629E+5
2.060000E+0	9.066794E+5
2.065000E+0	9.082710E+5
2.070000E+0	9.089221E+5
2.075000E+0	9.110728E+5
2.080000E+0	9.124984E+5
2.085000E+0	9.119377E+5
2.090000E+0	9.132416E+5
2.095000E+0	9.149532E+5
2.100000E+0	9.163459E+5
2.105000E+0	9.174262E+5
2.110000E+0	9.174032E+5
2.115000E+0	9.183766E+5
2.120000E+0	9.197857E+5
2.125000E+0	9.219430E+5
2.130000E+0	9.224708E+5
2.135000E+0	9.229312E+5
2.140000E+0	9.242827E+5
2.145000E+0	9.251410E+5
2.150000E+0	9.274068E+5
2.155000E+0	9.280941E+5
2.160000E+0	9.279281E+5
2.165000E+0	9.295263E+5
2.170000E+0	9.306756E+5
2.175000E+0	9.321850E+5
2.180000E+0	9.335596E+5
2.185000E+0	9.335103E+5
2.190000E+0	9.343226E+5
2.195000E+0	9.364075E+5
2.200000E+0	9.378363E+5
2.205000E+0	9.382129E+5
2.210000E+0	9.389084E+5
2.215000E+0	9.399032E+5
2.220000E+0	9.412515E+5
2.225000E+0	9.435337E+5
2.230000E+0	9.434580E+5
2.235000E+0	9.439743E+5
2.240000E+0	9.452289E+5
2.245000E+0	9.466709E+5
2.250000E+0	9.483037E+5
2.255000E+0	9.488035E+5
2.260000E+0	9.490633E+5
2.265000E+0	9.500203E+5
2.270000E+0	9.522351E+5
2.275000E+0	9.528254E+5
2.280000E+0	9.534222E+5
2.285000E+0	9.542608E+5
2.290000E+0	9.551471E+5
2.295000E+0	9.576825E+5
2.300000E+0	9.582596E+5
2.305000E+0	9.577762E+5
2.310000E+0	9.594320E+5
2.315000E+0	9.602262E+5
2.320000E+0	9.622683E+5
2.325000E+0	9.633371E+5
2.330000E+0	9.629540E+5
2.335000E+0	9.642776E+5
2.340000E+0	9.655157E+5
2.345000E+0	9.673803E+5
2.350000E+0	9.680035E+5
2.355000E+0	9.683356E+5
2.360000E+0	9.691512E+5
2.365000E+0	9.706442E+5
2.370000E+0	9.723081E+5
2.375000E+0	9.724775E+5
2.380000E+0	9.729066E+5
2.385000E+0	9.742730E+5
2.390000E+0	9.757874E+5
2.395000E+0	9.770502E+5
2.400000E+0	9.775434E+5
2.405000E+0	9.775402E+5
2.410000E+0	9.790298E+5
2.415000E+0	9.812397E+5
2.420000E+0	9.818629E+5
2.425000E+0	9.818629E+5
2.430000E+0	9.830681E+5
2.435000E+0	9.836354E+5
2.440000E+0	9.863714E+5
2.445000E+0	9.869683E+5
2.450000E+0	9.864635E+5
2.455000E+0	9.876819E+5
2.460000E+0	9.893360E+5
2.465000E+0	9.907419E+5
2.470000E+0	9.919060E+5
2.475000E+0	9.917186E+5
2.480000E+0	9.923286E+5
2.485000E+0	9.937805E+5
2.490000E+0	9.953918E+5
2.495000E+0	9.962731E+5
2.500000E+0	9.963817E+5
2.505000E+0	9.971594E+5
2.510000E+0	9.987198E+5
2.515000E+0	1.000566E+6
2.520000E+0	1.000555E+6
2.525000E+0	1.000933E+6
2.530000E+0	1.002299E+6
2.535000E+0	1.003600E+6
2.540000E+0	1.005165E+6
2.545000E+0	1.005644E+6
2.550000E+0	1.005571E+6
2.555000E+0	1.006861E+6
2.560000E+0	1.008801E+6
2.565000E+0	1.009500E+6
2.570000E+0	1.009858E+6
2.575000E+0	1.010831E+6
2.580000E+0	1.011191E+6
2.585000E+0	1.013600E+6
2.590000E+0	1.014672E+6
2.595000E+0	1.014491E+6
2.600000E+0	1.015718E+6
2.605000E+0	1.016969E+6
2.610000E+0	1.018763E+6
2.615000E+0	1.019275E+6
2.620000E+0	1.018839E+6
2.625000E+0	1.019862E+6
2.630000E+0	1.021141E+6
2.635000E+0	1.023191E+6
2.640000E+0	1.023518E+6
2.645000E+0	1.023668E+6
2.650000E+0	1.024676E+6
2.655000E+0	1.025362E+6
2.660000E+0	1.028011E+6
2.665000E+0	1.028344E+6
2.670000E+0	1.028163E+6
2.675000E+0	1.029605E+6
2.680000E+0	1.030574E+6
2.685000E+0	1.032243E+6
2.690000E+0	1.032785E+6
2.695000E+0	1.032646E+6
2.700000E+0	1.034020E+6
2.705000E+0	1.036140E+6
2.710000E+0	1.036638E+6
2.715000E+0	1.036929E+6
2.720000E+0	1.037708E+6
2.725000E+0	1.038363E+6
2.730000E+0	1.040255E+6
2.735000E+0	1.041704E+6
2.740000E+0	1.040999E+6
2.745000E+0	1.041873E+6
2.750000E+0	1.042996E+6
2.755000E+0	1.044591E+6
2.760000E+0	1.045839E+6
2.765000E+0	1.045671E+6
2.770000E+0	1.046032E+6
2.775000E+0	1.047506E+6
2.780000E+0	1.049695E+6
2.785000E+0	1.049787E+6
2.790000E+0	1.049953E+6
2.795000E+0	1.050946E+6
2.800000E+0	1.051548E+6
2.805000E+0	1.054197E+6
2.810000E+0	1.054779E+6
2.815000E+0	1.053967E+6
2.820000E+0	1.055483E+6
2.825000E+0	1.056713E+6
2.830000E+0	1.058058E+6
2.835000E+0	1.058873E+6
2.840000E+0	1.058908E+6
2.845000E+0	1.059855E+6
2.850000E+0	1.061672E+6
2.855000E+0	1.062721E+6
2.860000E+0	1.063249E+6
2.865000E+0	1.063668E+6
2.870000E+0	1.064355E+6
2.875000E+0	1.065957E+6
2.880000E+0	1.067506E+6
2.885000E+0	1.066914E+6
2.890000E+0	1.067769E+6
2.895000E+0	1.068951E+6
2.900000E+0	1.070253E+6
2.905000E+0	1.071417E+6
2.910000E+0	1.071718E+6
2.915000E+0	1.071432E+6
2.920000E+0	1.073075E+6
2.925000E+0	1.075345E+6
2.930000E+0	1.075630E+6
2.935000E+0	1.075171E+6
2.940000E+0	1.076411E+6
2.945000E+0	1.077001E+6
2.950000E+0	1.079369E+6
2.955000E+0	1.079995E+6
2.960000E+0	1.079507E+6
2.965000E+0	1.080816E+6
2.970000E+0	1.081885E+6
2.975000E+0	1.083619E+6
2.980000E+0	1.084114E+6
2.985000E+0	1.084150E+6
2.990000E+0	1.084921E+6
2.995000E+0	1.086742E+6
3.000000E+0	1.087659E+6
3.005000E+0	1.088417E+6
3.010000E+0	1.088580E+6
3.015000E+0	1.089062E+6
3.020000E+0	1.090750E+6
3.025000E+0	1.093587E+6
3.030000E+0	1.092260E+6
3.035000E+0	1.093462E+6
3.040000E+0	1.094018E+6
3.045000E+0	1.095690E+6
3.050000E+0	1.096994E+6
3.055000E+0	1.097232E+6
3.060000E+0	1.097495E+6
3.065000E+0	1.098480E+6
3.070000E+0	1.100432E+6
3.075000E+0	1.100989E+6
3.080000E+0	1.101070E+6
3.085000E+0	1.101709E+6
3.090000E+0	1.102918E+6
3.095000E+0	1.104692E+6
3.100000E+0	1.104953E+6
3.105000E+0	1.104952E+6
3.110000E+0	1.105690E+6
3.115000E+0	1.106973E+6
3.120000E+0	1.108401E+6
3.125000E+0	1.109939E+6
3.130000E+0	1.109036E+6
3.135000E+0	1.110187E+6
3.140000E+0	1.110958E+6
3.145000E+0	1.112951E+6
3.150000E+0	1.113201E+6
3.155000E+0	1.113344E+6
3.160000E+0	1.113939E+6
3.165000E+0	1.115087E+6
3.170000E+0	1.117016E+6
3.175000E+0	1.117563E+6
3.180000E+0	1.117415E+6
3.185000E+0	1.118694E+6
3.190000E+0	1.119191E+6
3.195000E+0	1.121184E+6
3.200000E+0	1.122213E+6
3.205000E+0	1.121169E+6
3.210000E+0	1.122619E+6
3.215000E+0	1.123968E+6
3.220000E+0	1.125367E+6
3.225000E+0	1.125117E+6
3.230000E+0	1.125650E+6
3.235000E+0	1.126329E+6
3.240000E+0	1.128108E+6
3.245000E+0	1.129920E+6
3.250000E+0	1.128450E+6
3.255000E+0	1.129698E+6
3.260000E+0	1.130665E+6
3.265000E+0	1.132312E+6
3.270000E+0	1.133233E+6
3.275000E+0	1.133133E+6
3.280000E+0	1.133540E+6
3.285000E+0	1.134491E+6
3.290000E+0	1.136344E+6
3.295000E+0	1.136997E+6
3.300000E+0	1.136946E+6
3.305000E+0	1.137493E+6
3.310000E+0	1.138034E+6
3.315000E+0	1.140989E+6
3.320000E+0	1.140889E+6
3.325000E+0	1.140594E+6
3.330000E+0	1.141855E+6
3.335000E+0	1.142100E+6
3.340000E+0	1.144608E+6
3.345000E+0	1.145381E+6
3.350000E+0	1.144444E+6
3.355000E+0	1.145032E+6
3.360000E+0	1.147023E+6
3.365000E+0	1.148214E+6
3.370000E+0	1.148873E+6
3.375000E+0	1.148158E+6
3.380000E+0	1.149715E+6
3.385000E+0	1.150156E+6
3.390000E+0	1.152716E+6
3.395000E+0	1.152091E+6
3.400000E+0	1.152301E+6
3.405000E+0	1.153296E+6
3.410000E+0	1.154656E+6
3.415000E+0	1.156049E+6
3.420000E+0	1.156516E+6
3.425000E+0	1.156384E+6
3.430000E+0	1.157172E+6
3.435000E+0	1.158607E+6
3.440000E+0	1.159839E+6
3.445000E+0	1.160191E+6
3.450000E+0	1.160324E+6
3.455000E+0	1.161014E+6
3.460000E+0	1.162913E+6
3.465000E+0	1.163760E+6
3.470000E+0	1.163560E+6
3.475000E+0	1.164273E+6
3.480000E+0	1.164951E+6
3.485000E+0	1.166559E+6
3.490000E+0	1.167851E+6
3.495000E+0	1.167136E+6
3.500000E+0	1.167678E+6
3.505000E+0	1.168797E+6
3.510000E+0	1.170531E+6
3.515000E+0	1.171105E+6
3.520000E+0	1.170957E+6
3.525000E+0	1.171309E+6
3.530000E+0	1.172358E+6
3.535000E+0	1.174561E+6
3.540000E+0	1.174662E+6
3.545000E+0	1.174346E+6
3.550000E+0	1.175507E+6
3.555000E+0	1.175681E+6
3.560000E+0	1.177835E+6
3.565000E+0	1.179044E+6
3.570000E+0	1.177666E+6
3.575000E+0	1.178899E+6
3.580000E+0	1.179989E+6
3.585000E+0	1.181510E+6
3.590000E+0	1.182551E+6
3.595000E+0	1.181586E+6
3.600000E+0	1.182508E+6
3.605000E+0	1.183899E+6
3.610000E+0	1.185708E+6
3.615000E+0	1.186109E+6
3.620000E+0	1.185782E+6
3.625000E+0	1.186402E+6
3.630000E+0	1.187275E+6
3.635000E+0	1.189175E+6
3.640000E+0	1.189736E+6
3.645000E+0	1.188865E+6
3.650000E+0	1.190627E+6
3.655000E+0	1.190943E+6
3.660000E+0	1.192969E+6
3.665000E+0	1.193166E+6
3.670000E+0	1.192577E+6
3.675000E+0	1.193797E+6
3.680000E+0	1.195039E+6
3.685000E+0	1.196116E+6
3.690000E+0	1.196609E+6
3.695000E+0	1.196681E+6
3.700000E+0	1.197308E+6
3.705000E+0	1.198462E+6
3.710000E+0	1.200225E+6
3.715000E+0	1.199781E+6
3.720000E+0	1.200036E+6
3.725000E+0	1.201040E+6
3.730000E+0	1.201670E+6
3.735000E+0	1.203523E+6
3.740000E+0	1.203878E+6
3.745000E+0	1.203161E+6
3.750000E+0	1.204488E+6
3.755000E+0	1.205440E+6
3.760000E+0	1.206669E+6
3.765000E+0	1.207446E+6
3.770000E+0	1.207006E+6
3.775000E+0	1.207552E+6
3.780000E+0	1.209198E+6
3.785000E+0	1.210763E+6
3.790000E+0	1.210227E+6
3.795000E+0	1.210873E+6
3.800000E+0	1.211623E+6
3.805000E+0	1.212629E+6
3.810000E+0	1.214272E+6
3.815000E+0	1.213866E+6
3.820000E+0	1.214217E+6
3.825000E+0	1.215413E+6
3.830000E+0	1.217093E+6
3.835000E+0	1.217651E+6
3.840000E+0	1.217404E+6
3.845000E+0	1.217564E+6
3.850000E+0	1.218368E+6
3.855000E+0	1.220543E+6
3.860000E+0	1.220739E+6
3.865000E+0	1.220475E+6
3.870000E+0	1.221171E+6
3.875000E+0	1.221649E+6
3.880000E+0	1.223606E+6
3.885000E+0	1.224300E+6
3.890000E+0	1.223378E+6
3.895000E+0	1.224188E+6
3.900000E+0	1.225303E+6
3.905000E+0	1.226743E+6
3.910000E+0	1.227667E+6
3.915000E+0	1.227534E+6
3.920000E+0	1.227395E+6
3.925000E+0	1.228498E+6
3.930000E+0	1.230588E+6
3.935000E+0	1.230510E+6
3.940000E+0	1.230718E+6
3.945000E+0	1.231175E+6
3.950000E+0	1.231388E+6
3.955000E+0	1.233889E+6
3.960000E+0	1.234190E+6
3.965000E+0	1.233519E+6
3.970000E+0	1.234603E+6
3.975000E+0	1.235247E+6
3.980000E+0	1.237025E+6
3.985000E+0	1.238072E+6
3.990000E+0	1.237030E+6
3.995000E+0	1.237694E+6
4.000000E+0	1.239121E+6
4.005000E+0	1.240757E+6
4.010000E+0	1.241145E+6
4.015000E+0	1.240593E+6
4.020000E+0	1.240956E+6
4.025000E+0	1.241739E+6
4.030000E+0	1.243821E+6
4.035000E+0	1.244153E+6
4.040000E+0	1.243577E+6
4.045000E+0	1.244422E+6
4.050000E+0	1.244779E+6
4.055000E+0	1.246950E+6
4.060000E+0	1.247298E+6
4.065000E+0	1.246289E+6
4.070000E+0	1.247407E+6
4.075000E+0	1.247969E+6
4.080000E+0	1.249844E+6
4.085000E+0	1.250462E+6
4.090000E+0	1.249714E+6
4.095000E+0	1.250315E+6
4.100000E+0	1.251392E+6
4.105000E+0	1.253451E+6
4.110000E+0	1.253456E+6
4.115000E+0	1.252968E+6
4.120000E+0	1.253647E+6
4.125000E+0	1.254225E+6
4.130000E+0	1.256664E+6
4.135000E+0	1.256889E+6
4.140000E+0	1.255725E+6
4.145000E+0	1.257044E+6
4.150000E+0	1.258014E+6
4.155000E+0	1.259531E+6
4.160000E+0	1.259696E+6
4.165000E+0	1.259415E+6
4.170000E+0	1.260018E+6
4.175000E+0	1.262070E+6
4.180000E+0	1.262777E+6
4.185000E+0	1.262062E+6
4.190000E+0	1.263093E+6
4.195000E+0	1.263205E+6
4.200000E+0	1.265283E+6
4.205000E+0	1.266329E+6
4.210000E+0	1.264939E+6
4.215000E+0	1.265694E+6
4.220000E+0	1.266875E+6
4.225000E+0	1.268425E+6
4.230000E+0	1.268892E+6
4.235000E+0	1.268366E+6
4.240000E+0	1.268764E+6
4.245000E+0	1.269563E+6
4.250000E+0	1.271944E+6
4.255000E+0	1.271730E+6
4.260000E+0	1.271341E+6
4.265000E+0	1.272238E+6
4.270000E+0	1.272649E+6
4.275000E+0	1.274932E+6
4.280000E+0	1.274996E+6
4.285000E+0	1.273782E+6
4.290000E+0	1.275348E+6
4.295000E+0	1.276152E+6
4.300000E+0	1.277633E+6
4.305000E+0	1.278477E+6
4.310000E+0	1.277567E+6
4.315000E+0	1.278136E+6
4.320000E+0	1.279830E+6
4.325000E+0	1.281152E+6
4.330000E+0	1.280770E+6
4.335000E+0	1.281255E+6
4.340000E+0	1.281375E+6
4.345000E+0	1.282763E+6
4.350000E+0	1.284087E+6
4.355000E+0	1.283526E+6
4.360000E+0	1.283791E+6
4.365000E+0	1.284818E+6
4.370000E+0	1.286152E+6
4.375000E+0	1.286989E+6
4.380000E+0	1.286583E+6
4.385000E+0	1.286545E+6
4.390000E+0	1.287617E+6
4.395000E+0	1.289802E+6
4.400000E+0	1.289829E+6
4.405000E+0	1.289010E+6
4.410000E+0	1.290118E+6
4.415000E+0	1.290299E+6
4.420000E+0	1.292685E+6
4.425000E+0	1.293114E+6
4.430000E+0	1.291856E+6
4.435000E+0	1.293050E+6
4.440000E+0	1.293873E+6
4.445000E+0	1.295699E+6
4.450000E+0	1.296085E+6
4.455000E+0	1.295103E+6
4.460000E+0	1.295730E+6
4.465000E+0	1.296678E+6
4.470000E+0	1.299112E+6
4.475000E+0	1.298509E+6
4.480000E+0	1.298596E+6
4.485000E+0	1.299114E+6
4.490000E+0	1.299364E+6
4.495000E+0	1.302578E+6
4.500000E+0	1.302155E+6
4.505000E+0	1.301241E+6
4.510000E+0	1.302474E+6
4.515000E+0	1.303185E+6
4.520000E+0	1.304352E+6
4.525000E+0	1.305426E+6
4.530000E+0	1.304249E+6
4.535000E+0	1.304839E+6
4.540000E+0	1.306468E+6
4.545000E+0	1.307323E+6
4.550000E+0	1.307236E+6
4.555000E+0	1.307287E+6
4.560000E+0	1.307526E+6
4.565000E+0	1.309583E+6
4.570000E+0	1.310796E+6
4.575000E+0	1.309408E+6
4.580000E+0	1.310352E+6
4.585000E+0	1.311158E+6
4.590000E+0	1.312587E+6
4.595000E+0	1.313701E+6
4.600000E+0	1.312439E+6
4.605000E+0	1.312687E+6
4.610000E+0	1.314043E+6
4.615000E+0	1.316021E+6
4.620000E+0	1.316012E+6
4.625000E+0	1.315578E+6
4.630000E+0	1.316225E+6
4.635000E+0	1.316786E+6
4.640000E+0	1.319174E+6
4.645000E+0	1.319190E+6
4.650000E+0	1.318162E+6
4.655000E+0	1.319417E+6
4.660000E+0	1.320334E+6
4.665000E+0	1.321668E+6
4.670000E+0	1.321778E+6
4.675000E+0	1.321291E+6
4.680000E+0	1.322187E+6
4.685000E+0	1.324091E+6
4.690000E+0	1.324567E+6
4.695000E+0	1.324067E+6
4.700000E+0	1.324647E+6
4.705000E+0	1.324702E+6
4.710000E+0	1.327179E+6
4.715000E+0	1.327822E+6
4.720000E+0	1.326369E+6
4.725000E+0	1.327327E+6
4.730000E+0	1.328325E+6
4.735000E+0	1.329809E+6
4.740000E+0	1.330479E+6
4.745000E+0	1.329623E+6
4.750000E+0	1.330276E+6
4.755000E+0	1.331867E+6
4.760000E+0	1.333456E+6
4.765000E+0	1.332725E+6
4.770000E+0	1.332795E+6
4.775000E+0	1.333347E+6
4.780000E+0	1.334386E+6
4.785000E+0	1.335965E+6
4.790000E+0	1.335582E+6
4.795000E+0	1.335159E+6
4.800000E+0	1.336256E+6
4.805000E+0	1.337925E+6
4.810000E+0	1.338367E+6
4.815000E+0	1.338211E+6
4.820000E+0	1.338535E+6
4.825000E+0	1.339059E+6
4.830000E+0	1.341223E+6
4.835000E+0	1.341652E+6
4.840000E+0	1.340993E+6
4.845000E+0	1.341507E+6
4.850000E+0	1.341928E+6
4.855000E+0	1.343739E+6
4.860000E+0	1.344775E+6
4.865000E+0	1.343472E+6
4.870000E+0	1.344204E+6
4.875000E+0	1.345398E+6
4.880000E+0	1.346822E+6
4.885000E+0	1.347502E+6
4.890000E+0	1.346774E+6
4.895000E+0	1.347035E+6
4.900000E+0	1.347996E+6
4.905000E+0	1.350225E+6
4.910000E+0	1.349799E+6
4.915000E+0	1.349130E+6
4.920000E+0	1.350079E+6
4.925000E+0	1.351199E+6
4.930000E+0	1.353080E+6
4.935000E+0	1.353170E+6
4.940000E+0	1.351501E+6
4.945000E+0	1.346202E+6
4.950000E+0	1.351260E+6
4.955000E+0	1.354841E+6
4.960000E+0	1.355362E+6
4.965000E+0	1.354699E+6
4.970000E+0	1.355531E+6
4.975000E+0	1.357057E+6
4.980000E+0	1.358475E+6
4.985000E+0	1.357740E+6
4.990000E+0	1.357958E+6
4.995000E+0	1.358780E+6
5.000000E+0	1.359880E+6
