applied voltage (volts)	measured current (nanoamps)	measured temperature (deg C)
-3.000000E+0	-4.760582E+3
-2.995000E+0	-4.864170E+3
-2.990000E+0	-5.170001E+3
-2.985000E+0	-4.770447E+3
-2.980000E+0	-4.885545E+3
-2.975000E+0	-5.225906E+3
-2.970000E+0	-4.688234E+3
-2.965000E+0	-4.957892E+3
-2.960000E+0	-5.063125E+3
-2.955000E+0	-4.730985E+3
-2.950000E+0	-4.813198E+3
-2.945000E+0	-4.966113E+3
-2.940000E+0	-4.745783E+3
-2.935000E+0	-4.915142E+3
-2.930000E+0	-5.025307E+3
-2.925000E+0	-4.622464E+3
-2.920000E+0	-4.971046E+3
-2.915000E+0	-4.872391E+3
-2.910000E+0	-4.632330E+3
-2.905000E+0	-5.165068E+3
-2.900000E+0	-4.859237E+3
-2.895000E+0	-4.786890E+3
-2.890000E+0	-5.077923E+3
-2.885000E+0	-5.028595E+3
-2.880000E+0	-4.780313E+3
-2.875000E+0	-5.311407E+3
-2.870000E+0	-5.114096E+3
-2.865000E+0	-4.719475E+3
-2.860000E+0	-5.168357E+3
-2.855000E+0	-5.005576E+3
-2.850000E+0	-4.722764E+3
-2.845000E+0	-5.173290E+3
-2.840000E+0	-4.844439E+3
-2.835000E+0	-4.846083E+3
-2.830000E+0	-5.059836E+3
-2.825000E+0	-4.859237E+3
-2.820000E+0	-4.869102E+3
-2.815000E+0	-5.123962E+3
-2.810000E+0	-4.819775E+3
-2.805000E+0	-4.892122E+3
-2.800000E+0	-5.068057E+3
-2.795000E+0	-4.749072E+3
-2.790000E+0	-4.890478E+3
-2.785000E+0	-5.160136E+3
-2.780000E+0	-4.819775E+3
-2.775000E+0	-4.874035E+3
-2.770000E+0	-4.913497E+3
-2.765000E+0	-4.670148E+3
-2.760000E+0	-4.910209E+3
-2.755000E+0	-4.801688E+3
-2.750000E+0	-4.556694E+3
-2.745000E+0	-4.933228E+3
-2.740000E+0	-4.800044E+3
-2.735000E+0	-4.635618E+3
-2.730000E+0	-4.994066E+3
-2.725000E+0	-4.938161E+3
-2.720000E+0	-4.681657E+3
-2.715000E+0	-5.123962E+3
-2.710000E+0	-5.084500E+3
-2.705000E+0	-4.874035E+3
-2.700000E+0	-5.206175E+3
-2.695000E+0	-4.827996E+3
-2.690000E+0	-4.734274E+3
-2.685000E+0	-5.151914E+3
-2.680000E+0	-4.811554E+3
-2.675000E+0	-4.744139E+3
-2.670000E+0	-5.197953E+3
-2.665000E+0	-4.844439E+3
-2.660000E+0	-4.742495E+3
-2.655000E+0	-5.257147E+3
-2.650000E+0	-4.855948E+3
-2.645000E+0	-4.804977E+3
-2.640000E+0	-5.122318E+3
-2.635000E+0	-4.814842E+3
-2.630000E+0	-4.944738E+3
-2.625000E+0	-5.248925E+3
-2.620000E+0	-4.740851E+3
-2.615000E+0	-4.985845E+3
-2.610000E+0	-5.166713E+3
-2.605000E+0	-4.719475E+3
-2.600000E+0	-5.005576E+3
-2.595000E+0	-5.171645E+3
-2.590000E+0	-4.607666E+3
-2.585000E+0	-5.138760E+3
-2.580000E+0	-4.987489E+3
-2.575000E+0	-4.640551E+3
-2.570000E+0	-5.189732E+3
-2.565000E+0	-4.898699E+3
-2.560000E+0	-4.594512E+3
-2.555000E+0	-5.100942E+3
-2.550000E+0	-4.961181E+3
-2.545000E+0	-4.642195E+3
-2.540000E+0	-5.234127E+3
-2.535000E+0	-4.857593E+3
-2.530000E+0	-4.827996E+3
-2.525000E+0	-5.063124E+3
-2.520000E+0	-4.860881E+3
-2.515000E+0	-4.684946E+3
-2.510000E+0	-5.176578E+3
-2.505000E+0	-4.760582E+3
-2.500000E+0	-4.846083E+3
-2.495000E+0	-5.291676E+3
-2.490000E+0	-4.755649E+3
-2.485000E+0	-4.681657E+3
-2.480000E+0	-5.267012E+3
-2.475000E+0	-4.691523E+3
-2.470000E+0	-4.926651E+3
-2.465000E+0	-5.069702E+3
-2.460000E+0	-4.655349E+3
-2.455000E+0	-5.008864E+3
-2.450000E+0	-4.859237E+3
-2.445000E+0	-4.719475E+3
-2.440000E+0	-4.984200E+3
-2.435000E+0	-4.957892E+3
-2.430000E+0	-4.693167E+3
-2.425000E+0	-5.040105E+3
-2.420000E+0	-4.897055E+3
-2.415000E+0	-4.683302E+3
-2.410000E+0	-4.925007E+3
-2.405000E+0	-4.793467E+3
-2.400000E+0	-4.883901E+3
-2.395000E+0	-5.056547E+3
-2.390000E+0	-5.010508E+3
-2.385000E+0	-4.717831E+3
-2.380000E+0	-5.206175E+3
-2.375000E+0	-5.035172E+3
-2.370000E+0	-4.903632E+3
-2.365000E+0	-5.220973E+3
-2.360000E+0	-4.913497E+3
-2.355000E+0	-4.892122E+3
-2.350000E+0	-5.204530E+3
-2.345000E+0	-4.798400E+3
-2.340000E+0	-4.872391E+3
-2.335000E+0	-5.232483E+3
-2.330000E+0	-4.818131E+3
-2.325000E+0	-4.757293E+3
-2.320000E+0	-5.092721E+3
-2.315000E+0	-4.740851E+3
-2.310000E+0	-4.936517E+3
-2.305000E+0	-5.022018E+3
-2.300000E+0	-4.602733E+3
-2.295000E+0	-4.939805E+3
-2.290000E+0	-5.191376E+3
-2.285000E+0	-4.661926E+3
-2.280000E+0	-4.915142E+3
-2.275000E+0	-4.987489E+3
-2.270000E+0	-4.642195E+3
-2.265000E+0	-4.979268E+3
-2.260000E+0	-5.137116E+3
-2.255000E+0	-4.492568E+3
-2.250000E+0	-4.897055E+3
-2.245000E+0	-5.033528E+3
-2.240000E+0	-4.619176E+3
-2.235000E+0	-5.194665E+3
-2.230000E+0	-4.842794E+3
-2.225000E+0	-4.671792E+3
-2.220000E+0	-5.174934E+3
-2.215000E+0	-4.859237E+3
-2.210000E+0	-4.765514E+3
-2.205000E+0	-5.140404E+3
-2.200000E+0	-5.043393E+3
-2.195000E+0	-4.739206E+3
-2.190000E+0	-5.150270E+3
-2.185000E+0	-5.007220E+3
-2.180000E+0	-4.701388E+3
-2.175000E+0	-5.262079E+3
-2.170000E+0	-4.934873E+3
-2.165000E+0	-4.734274E+3
-2.160000E+0	-5.201242E+3
-2.155000E+0	-4.911853E+3
-2.150000E+0	-4.763870E+3
-2.145000E+0	-5.127250E+3
-2.140000E+0	-4.804977E+3
-2.135000E+0	-4.875679E+3
-2.130000E+0	-5.028595E+3
-2.125000E+0	-4.877324E+3
-2.120000E+0	-5.041749E+3
-2.115000E+0	-4.990777E+3
-2.110000E+0	-4.742495E+3
-2.105000E+0	-5.010508E+3
-2.100000E+0	-5.069702E+3
-2.095000E+0	-4.757293E+3
-2.090000E+0	-4.990777E+3
-2.085000E+0	-4.910209E+3
-2.080000E+0	-4.804977E+3
-2.075000E+0	-5.017085E+3
-2.070000E+0	-4.946382E+3
-2.065000E+0	-4.742495E+3
-2.060000E+0	-5.146981E+3
-2.055000E+0	-4.755649E+3
-2.050000E+0	-4.829640E+3
-2.045000E+0	-5.197953E+3
-2.040000E+0	-5.158491E+3
-2.035000E+0	-4.916786E+3
-2.030000E+0	-5.268656E+3
-2.025000E+0	-4.811554E+3
-2.020000E+0	-4.985845E+3
-2.015000E+0	-5.293320E+3
-2.010000E+0	-4.650417E+3
-2.005000E+0	-4.813198E+3
-2.000000E+0	-5.109164E+3
-1.995000E+0	-4.773736E+3
-1.990000E+0	-4.721120E+3
-1.985000E+0	-5.115741E+3
-1.980000E+0	-4.849371E+3
-1.975000E+0	-4.786890E+3
-1.970000E+0	-5.166713E+3
-1.965000E+0	-4.699744E+3
-1.960000E+0	-4.893766E+3
-1.955000E+0	-4.971046E+3
-1.950000E+0	-4.563271E+3
-1.945000E+0	-4.915142E+3
-1.940000E+0	-5.020374E+3
-1.935000E+0	-4.604377E+3
-1.930000E+0	-4.832929E+3
-1.925000E+0	-4.851016E+3
-1.920000E+0	-4.633974E+3
-1.915000E+0	-4.897055E+3
-1.910000E+0	-4.961181E+3
-1.905000E+0	-4.714543E+3
-1.900000E+0	-4.893766E+3
-1.895000E+0	-4.755649E+3
-1.890000E+0	-4.727697E+3
-1.885000E+0	-5.105875E+3
-1.880000E+0	-4.921719E+3
-1.875000E+0	-4.754005E+3
-1.870000E+0	-5.156847E+3
-1.865000E+0	-4.824708E+3
-1.860000E+0	-4.798400E+3
-1.855000E+0	-5.096010E+3
-1.850000E+0	-5.023662E+3
-1.845000E+0	-4.806621E+3
-1.840000E+0	-5.288387E+3
-1.835000E+0	-4.888834E+3
-1.830000E+0	-4.681657E+3
-1.825000E+0	-5.290032E+3
-1.820000E+0	-4.724408E+3
-1.815000E+0	-4.796755E+3
-1.810000E+0	-5.342648E+3
-1.805000E+0	-4.660282E+3
-1.800000E+0	-4.946382E+3
-1.795000E+0	-5.257147E+3
-1.790000E+0	-4.788534E+3
-1.785000E+0	-4.888834E+3
-1.780000E+0	-5.086144E+3
-1.775000E+0	-4.809909E+3
-1.770000E+0	-4.826352E+3
-1.765000E+0	-5.068057E+3
-1.760000E+0	-4.729341E+3
-1.755000E+0	-4.892122E+3
-1.750000E+0	-5.043393E+3
-1.745000E+0	-4.568204E+3
-1.740000E+0	-4.926651E+3
-1.735000E+0	-4.946382E+3
-1.730000E+0	-4.762226E+3
-1.725000E+0	-5.022018E+3
-1.720000E+0	-4.862525E+3
-1.715000E+0	-4.693167E+3
-1.710000E+0	-5.000643E+3
-1.705000E+0	-4.974335E+3
-1.700000E+0	-4.686590E+3
-1.695000E+0	-5.224261E+3
-1.690000E+0	-4.918430E+3
-1.685000E+0	-4.755649E+3
-1.680000E+0	-5.150270E+3
-1.675000E+0	-4.831285E+3
-1.670000E+0	-4.721120E+3
-1.665000E+0	-5.150270E+3
-1.660000E+0	-4.831285E+3
-1.655000E+0	-4.752360E+3
-1.650000E+0	-5.337715E+3
-1.645000E+0	-4.777024E+3
-1.640000E+0	-4.862525E+3
-1.635000E+0	-5.109164E+3
-1.630000E+0	-4.684946E+3
-1.625000E+0	-4.844439E+3
-1.620000E+0	-5.168357E+3
-1.615000E+0	-4.696456E+3
-1.610000E+0	-4.931584E+3
-1.605000E+0	-5.184799E+3
-1.600000E+0	-4.648772E+3
-1.595000E+0	-4.877324E+3
-1.590000E+0	-5.191376E+3
-1.585000E+0	-4.656994E+3
-1.580000E+0	-4.992422E+3
-1.575000E+0	-5.018730E+3
-1.570000E+0	-4.653705E+3
-1.565000E+0	-4.946382E+3
-1.560000E+0	-4.966113E+3
-1.555000E+0	-4.739206E+3
-1.550000E+0	-4.943094E+3
-1.545000E+0	-4.887189E+3
-1.540000E+0	-4.684946E+3
-1.535000E+0	-5.110808E+3
-1.530000E+0	-4.816486E+3
-1.525000E+0	-4.869102E+3
-1.520000E+0	-5.267012E+3
-1.515000E+0	-4.974335E+3
-1.510000E+0	-4.734274E+3
-1.505000E+0	-5.268656E+3
-1.500000E+0	-5.010508E+3
-1.495000E+0	-4.707966E+3
-1.490000E+0	-5.209463E+3
-1.485000E+0	-4.804977E+3
-1.480000E+0	-4.846083E+3
-1.475000E+0	-5.322917E+3
-1.470000E+0	-4.979268E+3
-1.465000E+0	-4.943094E+3
-1.460000E+0	-5.222617E+3
-1.455000E+0	-4.906920E+3
-1.450000E+0	-4.928296E+3
-1.445000E+0	-5.145337E+3
-1.440000E+0	-4.653705E+3
-1.435000E+0	-5.053259E+3
-1.430000E+0	-5.117385E+3
-1.425000E+0	-4.724408E+3
-1.420000E+0	-4.893766E+3
-1.415000E+0	-4.974335E+3
-1.410000E+0	-4.772091E+3
-1.405000E+0	-4.948027E+3
-1.400000E+0	-4.936517E+3
-1.395000E+0	-4.673436E+3
-1.390000E+0	-4.938161E+3
-1.385000E+0	-5.033528E+3
-1.380000E+0	-4.586291E+3
-1.375000E+0	-4.995710E+3
-1.370000E+0	-4.957892E+3
-1.365000E+0	-4.711254E+3
-1.360000E+0	-4.777024E+3
-1.355000E+0	-4.796755E+3
-1.350000E+0	-4.781957E+3
-1.345000E+0	-5.051615E+3
-1.340000E+0	-4.962825E+3
-1.335000E+0	-4.642195E+3
-1.330000E+0	-5.133827E+3
-1.325000E+0	-4.903632E+3
-1.320000E+0	-4.754005E+3
-1.315000E+0	-5.122318E+3
-1.310000E+0	-4.949671E+3
-1.305000E+0	-4.730985E+3
-1.300000E+0	-5.173290E+3
-1.295000E+0	-4.839506E+3
-1.290000E+0	-4.727697E+3
-1.285000E+0	-5.344292E+3
-1.280000E+0	-4.716187E+3
-1.275000E+0	-4.857593E+3
-1.270000E+0	-5.184799E+3
-1.265000E+0	-4.878968E+3
-1.260000E+0	-4.786890E+3
-1.255000E+0	-5.089433E+3
-1.250000E+0	-4.610954E+3
-1.245000E+0	-4.985845E+3
-1.240000E+0	-5.194665E+3
-1.235000E+0	-4.883901E+3
-1.230000E+0	-5.003931E+3
-1.225000E+0	-5.170001E+3
-1.220000E+0	-4.675080E+3
-1.215000E+0	-5.084500E+3
-1.210000E+0	-5.135472E+3
-1.205000E+0	-4.456395E+3
-1.200000E+0	-5.184799E+3
-1.195000E+0	-4.990777E+3
-1.190000E+0	-4.619176E+3
-1.185000E+0	-5.028595E+3
-1.180000E+0	-5.061480E+3
-1.175000E+0	-4.796755E+3
-1.170000E+0	-5.260435E+3
-1.165000E+0	-4.925007E+3
-1.160000E+0	-4.767159E+3
-1.155000E+0	-5.041749E+3
-1.150000E+0	-4.943094E+3
-1.145000E+0	-4.857593E+3
-1.140000E+0	-5.293320E+3
-1.135000E+0	-4.892122E+3
-1.130000E+0	-4.913497E+3
-1.125000E+0	-5.303186E+3
-1.120000E+0	-4.837862E+3
-1.115000E+0	-4.901988E+3
-1.110000E+0	-5.191376E+3
-1.105000E+0	-4.957892E+3
-1.100000E+0	-4.949671E+3
-1.095000E+0	-5.128895E+3
-1.090000E+0	-4.826352E+3
-1.085000E+0	-4.818131E+3
-1.080000E+0	-5.077923E+3
-1.075000E+0	-4.660282E+3
-1.070000E+0	-4.864170E+3
-1.065000E+0	-5.142049E+3
-1.060000E+0	-4.541896E+3
-1.055000E+0	-4.683302E+3
-1.050000E+0	-4.832929E+3
-1.045000E+0	-2.757880E+3
-1.040000E+0	-4.282104E+3
-1.035000E+0	-5.229194E+3
-1.030000E+0	-5.059836E+3
-1.025000E+0	-5.347581E+3
-1.020000E+0	-5.018730E+3
-1.015000E+0	-4.905276E+3
-1.010000E+0	-4.811554E+3
-1.005000E+0	-5.119029E+3
-1.000000E+0	-4.816486E+3
-9.950000E-1	-5.243993E+3
-9.900000E-1	-4.987489E+3
-9.850000E-1	-4.785245E+3
-9.800000E-1	-5.086144E+3
-9.750000E-1	-4.811554E+3
-9.700000E-1	-4.798400E+3
-9.650000E-1	-5.160136E+3
-9.600000E-1	-4.878968E+3
-9.550000E-1	-4.818131E+3
-9.500000E-1	-5.071346E+3
-9.450000E-1	-4.938161E+3
-9.400000E-1	-4.785245E+3
-9.350000E-1	-5.092721E+3
-9.300000E-1	-4.490924E+3
-9.250000E-1	-4.906920E+3
-9.200000E-1	-5.058192E+3
-9.150000E-1	-4.638907E+3
-9.100000E-1	-4.824708E+3
-9.050000E-1	-5.140404E+3
-9.000000E-1	-4.671792E+3
-8.950000E-1	-4.579714E+3
-8.900000E-1	-5.110808E+3
-8.850000E-1	-4.377470E+3
-8.800000E-1	-4.938161E+3
-8.750000E-1	-5.022018E+3
-8.700000E-1	-4.564915E+3
-8.650000E-1	-4.974335E+3
-8.600000E-1	-5.224261E+3
-8.550000E-1	-4.660282E+3
-8.500000E-1	-5.084500E+3
-8.450000E-1	-4.908565E+3
-8.400000E-1	-4.592868E+3
-8.350000E-1	-4.905276E+3
-8.300000E-1	-4.803332E+3
-8.250000E-1	-4.790178E+3
-8.200000E-1	-4.962825E+3
-8.150000E-1	-4.768803E+3
-8.100000E-1	-4.859237E+3
-8.050000E-1	-5.337715E+3
-8.000000E-1	-4.867458E+3
-7.950000E-1	-4.939805E+3
-7.900000E-1	-4.869102E+3
-7.850000E-1	-4.735918E+3
-7.800000E-1	-4.800044E+3
-7.750000E-1	-4.969402E+3
-7.700000E-1	-4.673436E+3
-7.650000E-1	-4.865814E+3
-7.600000E-1	-4.977623E+3
-7.550000E-1	-4.410355E+3
-7.500000E-1	-4.885545E+3
-7.450000E-1	-4.964469E+3
-7.400000E-1	-4.627397E+3
-7.350000E-1	-4.951315E+3
-7.300000E-1	-4.931584E+3
-7.250000E-1	-4.851016E+3
-7.200000E-1	-5.053259E+3
-7.150000E-1	-4.540252E+3
-7.100000E-1	-4.459683E+3
-7.050000E-1	-4.926651E+3
-7.000000E-1	-4.875679E+3
-6.950000E-1	-5.035172E+3
-6.900000E-1	-5.188088E+3
-6.850000E-1	-4.790178E+3
-6.800000E-1	-4.724408E+3
-6.750000E-1	-4.994066E+3
-6.700000E-1	-5.243993E+3
-6.650000E-1	-4.643840E+3
-6.600000E-1	-5.007220E+3
-6.550000E-1	-4.689879E+3
-6.500000E-1	-4.620820E+3
-6.450000E-1	-4.936517E+3
-6.400000E-1	-4.862525E+3
-6.350000E-1	-4.716187E+3
-6.300000E-1	-4.913497E+3
-6.250000E-1	-4.543540E+3
-6.200000E-1	-4.824708E+3
-6.150000E-1	-4.954604E+3
-6.100000E-1	-4.548473E+3
-6.050000E-1	-4.545184E+3
-6.000000E-1	-4.786890E+3
-5.950000E-1	-4.245930E+3
-5.900000E-1	-4.573137E+3
-5.850000E-1	-4.666859E+3
-5.800000E-1	-4.232776E+3
-5.750000E-1	-4.338008E+3
-5.700000E-1	-4.615887E+3
-5.650000E-1	-4.020667E+3
-5.600000E-1	-4.392269E+3
-5.550000E-1	-4.367605E+3
-5.500000E-1	-4.058485E+3
-5.450000E-1	-4.338008E+3
-5.400000E-1	-4.053552E+3
-5.350000E-1	-3.749365E+3
-5.300000E-1	-3.996003E+3
-5.250000E-1	-3.844732E+3
-5.200000E-1	-3.458332E+3
-5.150000E-1	-3.981205E+3
-5.100000E-1	-3.598094E+3
-5.050000E-1	-3.188674E+3
-5.000000E-1	-3.561920E+3
-4.950000E-1	-3.103173E+3
-4.900000E-1	-2.807207E+3
-4.850000E-1	-3.198540E+3
-4.800000E-1	-2.785832E+3
-4.750000E-1	-2.396144E+3
-4.700000E-1	-2.728283E+3
-4.650000E-1	-2.211987E+3
-4.600000E-1	-1.902867E+3
-4.550000E-1	-2.202122E+3
-4.500000E-1	-1.687470E+3
-4.450000E-1	-1.263252E+3
-4.400000E-1	-1.509890E+3
-4.350000E-1	-9.327570E+2
-4.300000E-1	-4.953853E+2
-4.250000E-1	-5.841750E+2
-4.200000E-1	1.433368E+1
-4.150000E-1	1.491626E+2
-4.100000E-1	2.494621E+2
-4.050000E-1	7.016321E+2
-4.000000E-1	1.022262E+3
-3.950000E-1	1.155446E+3
-3.900000E-1	1.957843E+3
-3.850000E-1	1.939756E+3
-3.800000E-1	2.470850E+3
-3.750000E-1	3.258448E+3
-3.700000E-1	3.445893E+3
-3.650000E-1	3.876688E+3
-3.600000E-1	4.751431E+3
-3.550000E-1	4.720190E+3
-3.500000E-1	5.382825E+3
-3.450000E-1	6.175356E+3
-3.400000E-1	6.371022E+3
-3.350000E-1	7.117514E+3
-3.300000E-1	7.768638E+3
-3.250000E-1	8.187923E+3
-3.200000E-1	8.936059E+3
-3.150000E-1	9.753254E+3
-3.100000E-1	9.975228E+3
-3.050000E-1	1.102426E+4
-3.000000E-1	1.186612E+4
-2.950000E-1	1.227225E+4
-2.900000E-1	1.328676E+4
-2.850000E-1	1.428811E+4
-2.800000E-1	1.477481E+4
-2.750000E-1	1.600142E+4
-2.700000E-1	1.675778E+4
-2.650000E-1	1.736451E+4
-2.600000E-1	1.867498E+4
-2.550000E-1	1.951848E+4
-2.500000E-1	2.021729E+4
-2.450000E-1	2.159518E+4
-2.400000E-1	2.231865E+4
-2.350000E-1	2.329698E+4
-2.300000E-1	2.467322E+4
-2.250000E-1	2.552823E+4
-2.200000E-1	2.638653E+4
-2.150000E-1	2.795022E+4
-2.100000E-1	2.864574E+4
-2.050000E-1	2.997101E+4
-2.000000E-1	3.141138E+4
-1.950000E-1	3.239300E+4
-1.900000E-1	3.381692E+4
-1.850000E-1	3.512246E+4
-1.800000E-1	3.550721E+4
-1.750000E-1	3.735864E+4
-1.700000E-1	3.905716E+4
-1.650000E-1	3.986778E+4
-1.600000E-1	4.131143E+4
-1.550000E-1	4.272220E+4
-1.500000E-1	4.405898E+4
-1.450000E-1	4.608799E+4
-1.400000E-1	4.760235E+4
-1.350000E-1	4.853958E+4
-1.300000E-1	5.064093E+4
-1.250000E-1	5.219311E+4
-1.200000E-1	5.308594E+4
-1.150000E-1	5.517908E+4
-1.100000E-1	5.688910E+4
-1.050000E-1	5.812394E+4
-1.000000E-1	6.012006E+4
-9.500000E-2	6.218360E+4
-9.000000E-2	6.361410E+4
-8.500000E-2	6.587331E+4
-8.000000E-2	6.732847E+4
-7.500000E-2	6.884448E+4
-7.000000E-2	7.121056E+4
-6.500000E-2	7.283673E+4
-6.000000E-2	7.453195E+4
-5.500000E-2	7.675992E+4
-5.000000E-2	7.839595E+4
-4.500000E-2	8.022107E+4
-4.000000E-2	8.256085E+4
-3.500000E-2	8.435308E+4
-3.000000E-2	8.629659E+4
-2.500000E-2	8.839302E+4
-2.000000E-2	9.008824E+4
-1.500000E-2	9.224057E+4
-1.000000E-2	9.459186E+4
-5.000000E-3	9.613252E+4
-4.181204E-14	9.822402E+4
5.000000E-3	1.004816E+5
1.000000E-2	1.023396E+5
1.500000E-2	1.047616E+5
2.000000E-2	1.068251E+5
2.500000E-2	1.085499E+5
3.000000E-2	1.109407E+5
3.500000E-2	1.130207E+5
4.000000E-2	1.147077E+5
4.500000E-2	1.174651E+5
5.000000E-2	1.194908E+5
5.500000E-2	1.212074E+5
6.000000E-2	1.238382E+5
6.500000E-2	1.259642E+5
7.000000E-2	1.279505E+5
7.500000E-2	1.304958E+5
8.000000E-2	1.324426E+5
8.500000E-2	1.344700E+5
9.000000E-2	1.368147E+5
9.500000E-2	1.391216E+5
1.000000E-1	1.411424E+5
1.050000E-1	1.434772E+5
1.100000E-1	1.454437E+5
1.150000E-1	1.474678E+5
1.200000E-1	1.501611E+5
1.250000E-1	1.518793E+5
1.300000E-1	1.541895E+5
1.350000E-1	1.565408E+5
1.400000E-1	1.583577E+5
1.450000E-1	1.606991E+5
1.500000E-1	1.632050E+5
1.550000E-1	1.648476E+5
1.600000E-1	1.672104E+5
1.650000E-1	1.694087E+5
1.700000E-1	1.711270E+5
1.750000E-1	1.737265E+5
1.800000E-1	1.759677E+5
1.850000E-1	1.775231E+5
1.900000E-1	1.801671E+5
1.950000E-1	1.823194E+5
2.000000E-1	1.836414E+5
2.050000E-1	1.865830E+5
2.100000E-1	1.885511E+5
2.150000E-1	1.901938E+5
2.200000E-1	1.926042E+5
2.250000E-1	1.944787E+5
2.300000E-1	1.962627E+5
2.350000E-1	1.988360E+5
2.400000E-1	2.005410E+5
2.450000E-1	2.021869E+5
2.500000E-1	2.043475E+5
2.550000E-1	2.064439E+5
2.600000E-1	2.082444E+5
2.650000E-1	2.104691E+5
2.700000E-1	2.118979E+5
2.750000E-1	2.136622E+5
2.800000E-1	2.159033E+5
2.850000E-1	2.175459E+5
2.900000E-1	2.192921E+5
2.950000E-1	2.215365E+5
3.000000E-1	2.229605E+5
3.050000E-1	2.248925E+5
3.100000E-1	2.271122E+5
3.150000E-1	2.282747E+5
3.200000E-1	2.302988E+5
3.250000E-1	2.315204E+5
3.300000E-1	2.330776E+5
3.350000E-1	2.344226E+5
3.400000E-1	2.381271E+5
3.450000E-1	2.384460E+5
3.500000E-1	2.402860E+5
3.550000E-1	2.421012E+5
3.600000E-1	2.431536E+5
3.650000E-1	2.455344E+5
3.700000E-1	2.470833E+5
3.750000E-1	2.483478E+5
3.800000E-1	2.502502E+5
3.850000E-1	2.517250E+5
3.900000E-1	2.529582E+5
3.950000E-1	2.549050E+5
4.000000E-1	2.561958E+5
4.050000E-1	2.575654E+5
4.100000E-1	2.593199E+5
4.150000E-1	2.604725E+5
4.200000E-1	2.620279E+5
4.250000E-1	2.636722E+5
4.300000E-1	2.648462E+5
4.350000E-1	2.661452E+5
4.400000E-1	2.680426E+5
4.450000E-1	2.689322E+5
4.500000E-1	2.705814E+5
4.550000E-1	2.718902E+5
4.600000E-1	2.730379E+5
4.650000E-1	2.744421E+5
4.700000E-1	2.760732E+5
4.750000E-1	2.770416E+5
4.800000E-1	2.783817E+5
4.850000E-1	2.799289E+5
4.900000E-1	2.807823E+5
4.950000E-1	2.823526E+5
5.000000E-1	2.836483E+5
5.050000E-1	2.846134E+5
5.100000E-1	2.860735E+5
5.150000E-1	2.874037E+5
5.200000E-1	2.882900E+5
5.250000E-1	2.900115E+5
5.300000E-1	2.911806E+5
5.350000E-1	2.920668E+5
5.400000E-1	2.936075E+5
5.450000E-1	2.944609E+5
5.500000E-1	2.956431E+5
5.550000E-1	2.971476E+5
5.600000E-1	2.979812E+5
5.650000E-1	2.991947E+5
5.700000E-1	3.008866E+5
5.750000E-1	3.015821E+5
5.800000E-1	3.026246E+5
5.850000E-1	3.042064E+5
5.900000E-1	3.047851E+5
5.950000E-1	3.060529E+5
6.000000E-1	3.075606E+5
6.050000E-1	3.081411E+5
6.100000E-1	3.094269E+5
6.150000E-1	3.107538E+5
6.200000E-1	3.113770E+5
6.250000E-1	3.128338E+5
6.300000E-1	3.139864E+5
6.350000E-1	3.148167E+5
6.400000E-1	3.159792E+5
6.450000E-1	3.171351E+5
6.500000E-1	3.178685E+5
6.550000E-1	3.194223E+5
6.600000E-1	3.201787E+5
6.650000E-1	3.210468E+5
6.700000E-1	3.225826E+5
6.750000E-1	3.235724E+5
6.800000E-1	3.243797E+5
6.850000E-1	3.257708E+5
6.900000E-1	3.266472E+5
6.950000E-1	3.273723E+5
7.000000E-1	3.288340E+5
7.050000E-1	3.297548E+5
7.100000E-1	3.305654E+5
7.150000E-1	3.319532E+5
7.200000E-1	3.326618E+5
7.250000E-1	3.335563E+5
7.300000E-1	3.349753E+5
7.350000E-1	3.359010E+5
7.400000E-1	3.367330E+5
7.450000E-1	3.379251E+5
7.500000E-1	3.383362E+5
7.550000E-1	3.395299E+5
7.600000E-1	3.407138E+5
7.650000E-1	3.413715E+5
7.700000E-1	3.424879E+5
7.750000E-1	3.434005E+5
7.800000E-1	3.440516E+5
7.850000E-1	3.453686E+5
7.900000E-1	3.461990E+5
7.950000E-1	3.469274E+5
8.000000E-1	3.482510E+5
8.050000E-1	3.493839E+5
8.100000E-1	3.497999E+5
8.150000E-1	3.510808E+5
8.200000E-1	3.519637E+5
8.250000E-1	3.526346E+5
8.300000E-1	3.539253E+5
8.350000E-1	3.548297E+5
8.400000E-1	3.555005E+5
8.450000E-1	3.566910E+5
8.500000E-1	3.575707E+5
8.550000E-1	3.583336E+5
8.600000E-1	3.596145E+5
8.650000E-1	3.605056E+5
8.700000E-1	3.612341E+5
8.750000E-1	3.623587E+5
8.800000E-1	3.630460E+5
8.850000E-1	3.637942E+5
8.900000E-1	3.650043E+5
8.950000E-1	3.658626E+5
9.000000E-1	3.667242E+5
9.050000E-1	3.678407E+5
9.100000E-1	3.683060E+5
9.150000E-1	3.693123E+5
9.200000E-1	3.705405E+5
9.250000E-1	3.709565E+5
9.300000E-1	3.721322E+5
9.350000E-1	3.730941E+5
9.400000E-1	3.736317E+5
9.450000E-1	3.746380E+5
9.500000E-1	3.758663E+5
9.550000E-1	3.761672E+5
9.600000E-1	3.773773E+5
9.650000E-1	3.785037E+5
9.700000E-1	3.787750E+5
9.750000E-1	3.800739E+5
9.800000E-1	3.810654E+5
9.850000E-1	3.816047E+5
9.900000E-1	3.828330E+5
9.950000E-1	3.837209E+5
1.000000E+0	3.842931E+5
1.005000E+0	3.855624E+5
1.010000E+0	3.864059E+5
1.015000E+0	3.869831E+5
1.020000E+0	3.882278E+5
1.025000E+0	3.888723E+5
1.030000E+0	3.894725E+5
1.035000E+0	3.908043E+5
1.040000E+0	3.913995E+5
1.045000E+0	3.922217E+5
1.050000E+0	3.934910E+5
1.055000E+0	3.940550E+5
1.060000E+0	3.948706E+5
1.065000E+0	3.960610E+5
1.070000E+0	3.965970E+5
1.075000E+0	3.974619E+5
1.080000E+0	3.987132E+5
1.085000E+0	3.991670E+5
1.090000E+0	4.001766E+5
1.095000E+0	4.011681E+5
1.100000E+0	4.015594E+5
1.105000E+0	4.025739E+5
1.110000E+0	4.037545E+5
1.115000E+0	4.040965E+5
1.120000E+0	4.054316E+5
1.125000E+0	4.064280E+5
1.130000E+0	4.066862E+5
1.135000E+0	4.078914E+5
1.140000E+0	4.088040E+5
1.145000E+0	4.090950E+5
1.150000E+0	4.104219E+5
1.155000E+0	4.111964E+5
1.160000E+0	4.116617E+5
1.165000E+0	4.130692E+5
1.170000E+0	4.139489E+5
1.175000E+0	4.143040E+5
1.180000E+0	4.155734E+5
1.185000E+0	4.163018E+5
1.190000E+0	4.170384E+5
1.195000E+0	4.181614E+5
1.200000E+0	4.187386E+5
1.205000E+0	4.194226E+5
1.210000E+0	4.205752E+5
1.215000E+0	4.212806E+5
1.220000E+0	4.223000E+5
1.225000E+0	4.234181E+5
1.230000E+0	4.238637E+5
1.235000E+0	4.248026E+5
1.240000E+0	4.259223E+5
1.245000E+0	4.261821E+5
1.250000E+0	4.271424E+5
1.255000E+0	4.281569E+5
1.260000E+0	4.284035E+5
1.265000E+0	4.299228E+5
1.270000E+0	4.307071E+5
1.275000E+0	4.309899E+5
1.280000E+0	4.321540E+5
1.285000E+0	4.331620E+5
1.290000E+0	4.332984E+5
1.295000E+0	4.346862E+5
1.300000E+0	4.356234E+5
1.305000E+0	4.357878E+5
1.310000E+0	4.369980E+5
1.315000E+0	4.379270E+5
1.320000E+0	4.383710E+5
1.325000E+0	4.396403E+5
1.330000E+0	4.404575E+5
1.335000E+0	4.408242E+5
1.340000E+0	4.420278E+5
1.345000E+0	4.428713E+5
1.350000E+0	4.434040E+5
1.355000E+0	4.444810E+5
1.360000E+0	4.453295E+5
1.365000E+0	4.458425E+5
1.370000E+0	4.469178E+5
1.375000E+0	4.476577E+5
1.380000E+0	4.483368E+5
1.385000E+0	4.493562E+5
1.390000E+0	4.499054E+5
1.395000E+0	4.506848E+5
1.400000E+0	4.516861E+5
1.405000E+0	4.522830E+5
1.410000E+0	4.532745E+5
1.415000E+0	4.540720E+5
1.420000E+0	4.544403E+5
1.425000E+0	4.554696E+5
1.430000E+0	4.565992E+5
1.435000E+0	4.568557E+5
1.440000E+0	4.579688E+5
1.445000E+0	4.588551E+5
1.450000E+0	4.592366E+5
1.455000E+0	4.602872E+5
1.460000E+0	4.613823E+5
1.465000E+0	4.614974E+5
1.470000E+0	4.626073E+5
1.475000E+0	4.635610E+5
1.480000E+0	4.638207E+5
1.485000E+0	4.650556E+5
1.490000E+0	4.657725E+5
1.495000E+0	4.663019E+5
1.500000E+0	4.674924E+5
1.505000E+0	4.681829E+5
1.510000E+0	4.686137E+5
1.515000E+0	4.698157E+5
1.520000E+0	4.704833E+5
1.525000E+0	4.710489E+5
1.530000E+0	4.722936E+5
1.535000E+0	4.728707E+5
1.540000E+0	4.734742E+5
1.545000E+0	4.744936E+5
1.550000E+0	4.752450E+5
1.555000E+0	4.758550E+5
1.560000E+0	4.768367E+5
1.565000E+0	4.773119E+5
1.570000E+0	4.781422E+5
1.575000E+0	4.791271E+5
1.580000E+0	4.795464E+5
1.585000E+0	4.801877E+5
1.590000E+0	4.813962E+5
1.595000E+0	4.816872E+5
1.600000E+0	4.825718E+5
1.605000E+0	4.838034E+5
1.610000E+0	4.839201E+5
1.615000E+0	4.849379E+5
1.620000E+0	4.859721E+5
1.625000E+0	4.862615E+5
1.630000E+0	4.871922E+5
1.635000E+0	4.882478E+5
1.640000E+0	4.884632E+5
1.645000E+0	4.892820E+5
1.650000E+0	4.903524E+5
1.655000E+0	4.906089E+5
1.660000E+0	4.917583E+5
1.665000E+0	4.924127E+5
1.670000E+0	4.929701E+5
1.675000E+0	4.940898E+5
1.680000E+0	4.948117E+5
1.685000E+0	4.952063E+5
1.690000E+0	4.963671E+5
1.695000E+0	4.968489E+5
1.700000E+0	4.973701E+5
1.705000E+0	4.986707E+5
1.710000E+0	4.991903E+5
1.715000E+0	4.995767E+5
1.720000E+0	5.007671E+5
1.725000E+0	5.014035E+5
1.730000E+0	5.017718E+5
1.735000E+0	5.028159E+5
1.740000E+0	5.033125E+5
1.745000E+0	5.040326E+5
1.750000E+0	5.050586E+5
1.755000E+0	5.055519E+5
1.760000E+0	5.064020E+5
1.765000E+0	5.074214E+5
1.770000E+0	5.077339E+5
1.775000E+0	5.085428E+5
1.780000E+0	5.095688E+5
1.785000E+0	5.096642E+5
1.790000E+0	5.107691E+5
1.795000E+0	5.115535E+5
1.800000E+0	5.116834E+5
1.805000E+0	5.128837E+5
1.810000E+0	5.135775E+5
1.815000E+0	5.137370E+5
1.820000E+0	5.148929E+5
1.825000E+0	5.156608E+5
1.830000E+0	5.159617E+5
1.835000E+0	5.171406E+5
1.840000E+0	5.178526E+5
1.845000E+0	5.182094E+5
1.850000E+0	5.194163E+5
1.855000E+0	5.197829E+5
1.860000E+0	5.205311E+5
1.865000E+0	5.215949E+5
1.870000E+0	5.219254E+5
1.875000E+0	5.225124E+5
1.880000E+0	5.236617E+5
1.885000E+0	5.240909E+5
1.890000E+0	5.248736E+5
1.895000E+0	5.256710E+5
1.900000E+0	5.259637E+5
1.905000E+0	5.269091E+5
1.910000E+0	5.278497E+5
1.915000E+0	5.283133E+5
1.920000E+0	5.291322E+5
1.925000E+0	5.297586E+5
1.930000E+0	5.301631E+5
1.935000E+0	5.309885E+5
1.940000E+0	5.317137E+5
1.945000E+0	5.321412E+5
1.950000E+0	5.331573E+5
1.955000E+0	5.338002E+5
1.960000E+0	5.344037E+5
1.965000E+0	5.352866E+5
1.970000E+0	5.360233E+5
1.975000E+0	5.360792E+5
1.980000E+0	5.372696E+5
1.985000E+0	5.380375E+5
1.990000E+0	5.382512E+5
1.995000E+0	5.395189E+5
2.000000E+0	5.399201E+5
2.005000E+0	5.405811E+5
2.010000E+0	5.415003E+5
2.015000E+0	5.419327E+5
2.020000E+0	5.426282E+5
2.025000E+0	5.436181E+5
2.030000E+0	5.440768E+5
2.035000E+0	5.446983E+5
2.040000E+0	5.456569E+5
2.045000E+0	5.459036E+5
2.050000E+0	5.468901E+5
2.055000E+0	5.475478E+5
2.060000E+0	5.480148E+5
2.065000E+0	5.486347E+5
2.070000E+0	5.496771E+5
2.075000E+0	5.498087E+5
2.080000E+0	5.507212E+5
2.085000E+0	5.515039E+5
2.090000E+0	5.520169E+5
2.095000E+0	5.528177E+5
2.100000E+0	5.535017E+5
2.105000E+0	5.539604E+5
2.110000E+0	5.548549E+5
2.115000E+0	5.554583E+5
2.120000E+0	5.560881E+5
2.125000E+0	5.570730E+5
2.130000E+0	5.575515E+5
2.135000E+0	5.580069E+5
2.140000E+0	5.588833E+5
2.145000E+0	5.594029E+5
2.150000E+0	5.599899E+5
2.155000E+0	5.608087E+5
2.160000E+0	5.615043E+5
2.165000E+0	5.618808E+5
2.170000E+0	5.626010E+5
2.175000E+0	5.635431E+5
2.180000E+0	5.636961E+5
2.185000E+0	5.649276E+5
2.190000E+0	5.654751E+5
2.195000E+0	5.657316E+5
2.200000E+0	5.667248E+5
2.205000E+0	5.674137E+5
2.210000E+0	5.678971E+5
2.215000E+0	5.688393E+5
2.220000E+0	5.693753E+5
2.225000E+0	5.698456E+5
2.230000E+0	5.706595E+5
2.235000E+0	5.710327E+5
2.240000E+0	5.717019E+5
2.245000E+0	5.726967E+5
2.250000E+0	5.730732E+5
2.255000E+0	5.735797E+5
2.260000E+0	5.745514E+5
2.265000E+0	5.749362E+5
2.270000E+0	5.756169E+5
2.275000E+0	5.764489E+5
2.280000E+0	5.767432E+5
2.285000E+0	5.776574E+5
2.290000E+0	5.782115E+5
2.295000E+0	5.784911E+5
2.300000E+0	5.794546E+5
2.305000E+0	5.804083E+5
2.310000E+0	5.805447E+5
2.315000E+0	5.812238E+5
2.320000E+0	5.822087E+5
2.325000E+0	5.823222E+5
2.330000E+0	5.831131E+5
2.335000E+0	5.839582E+5
2.340000E+0	5.842591E+5
2.345000E+0	5.850845E+5
2.350000E+0	5.858475E+5
2.355000E+0	5.859954E+5
2.360000E+0	5.871053E+5
2.365000E+0	5.876150E+5
2.370000E+0	5.879653E+5
2.375000E+0	5.890570E+5
2.380000E+0	5.895750E+5
2.385000E+0	5.898019E+5
2.390000E+0	5.908361E+5
2.395000E+0	5.913985E+5
2.400000E+0	5.916681E+5
2.405000E+0	5.927813E+5
2.410000E+0	5.931019E+5
2.415000E+0	5.935491E+5
2.420000E+0	5.945604E+5
2.425000E+0	5.948974E+5
2.430000E+0	5.953332E+5
2.435000E+0	5.965022E+5
2.440000E+0	5.965746E+5
2.445000E+0	5.973885E+5
2.450000E+0	5.982862E+5
2.455000E+0	5.982435E+5
2.460000E+0	5.990673E+5
2.465000E+0	5.999749E+5
2.470000E+0	6.000357E+5
2.475000E+0	6.008217E+5
2.480000E+0	6.016701E+5
2.485000E+0	6.018378E+5
2.490000E+0	6.026468E+5
2.495000E+0	6.034410E+5
2.500000E+0	6.036679E+5
2.505000E+0	6.044440E+5
2.510000E+0	6.050112E+5
2.515000E+0	6.054059E+5
2.520000E+0	6.065272E+5
2.525000E+0	6.068808E+5
2.530000E+0	6.070649E+5
2.535000E+0	6.081074E+5
2.540000E+0	6.085464E+5
2.545000E+0	6.088621E+5
2.550000E+0	6.098190E+5
2.555000E+0	6.104028E+5
2.560000E+0	6.107464E+5
2.565000E+0	6.116244E+5
2.570000E+0	6.117658E+5
2.575000E+0	6.124729E+5
2.580000E+0	6.133065E+5
2.585000E+0	6.136156E+5
2.590000E+0	6.141023E+5
2.595000E+0	6.150527E+5
2.600000E+0	6.153273E+5
2.605000E+0	6.160146E+5
2.610000E+0	6.168170E+5
2.615000E+0	6.168285E+5
2.620000E+0	6.175750E+5
2.625000E+0	6.182376E+5
2.630000E+0	6.183905E+5
2.635000E+0	6.192275E+5
2.640000E+0	6.199460E+5
2.645000E+0	6.201433E+5
2.650000E+0	6.210608E+5
2.655000E+0	6.216511E+5
2.660000E+0	6.217021E+5
2.665000E+0	6.226919E+5
2.670000E+0	6.231375E+5
2.675000E+0	6.234170E+5
2.680000E+0	6.243312E+5
2.685000E+0	6.247176E+5
2.690000E+0	6.251632E+5
2.695000E+0	6.259689E+5
2.700000E+0	6.265411E+5
2.705000E+0	6.269374E+5
2.710000E+0	6.278762E+5
2.715000E+0	6.282380E+5
2.720000E+0	6.284715E+5
2.725000E+0	6.295517E+5
2.730000E+0	6.297392E+5
2.735000E+0	6.301338E+5
2.740000E+0	6.308902E+5
2.745000E+0	6.312848E+5
2.750000E+0	6.317600E+5
2.755000E+0	6.324769E+5
2.760000E+0	6.326462E+5
2.765000E+0	6.333401E+5
2.770000E+0	6.341688E+5
2.775000E+0	6.343316E+5
2.780000E+0	6.351340E+5
2.785000E+0	6.357407E+5
2.790000E+0	6.357161E+5
2.795000E+0	6.367092E+5
2.800000E+0	6.372797E+5
2.805000E+0	6.371877E+5
2.810000E+0	6.382893E+5
2.815000E+0	6.388648E+5
2.820000E+0	6.389733E+5
2.825000E+0	6.398448E+5
2.830000E+0	6.403002E+5
2.835000E+0	6.403726E+5
2.840000E+0	6.414085E+5
2.845000E+0	6.419659E+5
2.850000E+0	6.420070E+5
2.855000E+0	6.430133E+5
2.860000E+0	6.433109E+5
2.865000E+0	6.436775E+5
2.870000E+0	6.444586E+5
2.875000E+0	6.447726E+5
2.880000E+0	6.451623E+5
2.885000E+0	6.460633E+5
2.890000E+0	6.462787E+5
2.895000E+0	6.468197E+5
2.900000E+0	6.475646E+5
2.905000E+0	6.478293E+5
2.910000E+0	6.481664E+5
2.915000E+0	6.491611E+5
2.920000E+0	6.492285E+5
2.925000E+0	6.497399E+5
2.930000E+0	6.504190E+5
2.935000E+0	6.506442E+5
2.940000E+0	6.513118E+5
2.945000E+0	6.520419E+5
2.950000E+0	6.520912E+5
2.955000E+0	6.528788E+5
2.960000E+0	6.534839E+5
2.965000E+0	6.536730E+5
2.970000E+0	6.544737E+5
2.975000E+0	6.550459E+5
2.980000E+0	6.550689E+5
2.985000E+0	6.557612E+5
2.990000E+0	6.564583E+5
2.995000E+0	6.565734E+5
3.000000E+0	6.575107E+5
3.005000E+0	6.578855E+5
3.010000E+0	6.580385E+5
3.015000E+0	6.588968E+5
3.020000E+0	6.593835E+5
3.025000E+0	6.597731E+5
3.030000E+0	6.604703E+5
3.035000E+0	6.607350E+5
3.040000E+0	6.611297E+5
3.045000E+0	6.619140E+5
3.050000E+0	6.620751E+5
3.055000E+0	6.626753E+5
3.060000E+0	6.634497E+5
3.065000E+0	6.634924E+5
3.070000E+0	6.641978E+5
3.075000E+0	6.647240E+5
3.080000E+0	6.648506E+5
3.085000E+0	6.656152E+5
3.090000E+0	6.660723E+5
3.095000E+0	6.661512E+5
3.100000E+0	6.671263E+5
3.105000E+0	6.674748E+5
3.110000E+0	6.676327E+5
3.115000E+0	6.686044E+5
3.120000E+0	6.689136E+5
3.125000E+0	6.690122E+5
3.130000E+0	6.700432E+5
3.135000E+0	6.702010E+5
3.140000E+0	6.705956E+5
3.145000E+0	6.713701E+5
3.150000E+0	6.716463E+5
3.155000E+0	6.720376E+5
3.160000E+0	6.728022E+5
3.165000E+0	6.731492E+5
3.170000E+0	6.733942E+5
3.175000E+0	6.742344E+5
3.180000E+0	6.745336E+5
3.185000E+0	6.749809E+5
3.190000E+0	6.754988E+5
3.195000E+0	6.756780E+5
3.200000E+0	6.763719E+5
3.205000E+0	6.769885E+5
3.210000E+0	6.771480E+5
3.215000E+0	6.776824E+5
3.220000E+0	6.782809E+5
3.225000E+0	6.783762E+5
3.230000E+0	6.789024E+5
3.235000E+0	6.795420E+5
3.240000E+0	6.797739E+5
3.245000E+0	6.802737E+5
3.250000E+0	6.809890E+5
3.255000E+0	6.810202E+5
3.260000E+0	6.818275E+5
3.265000E+0	6.823241E+5
3.270000E+0	6.824589E+5
3.275000E+0	6.831446E+5
3.280000E+0	6.836806E+5
3.285000E+0	6.836543E+5
3.290000E+0	6.845849E+5
3.295000E+0	6.849187E+5
3.300000E+0	6.850601E+5
3.305000E+0	6.860220E+5
3.310000E+0	6.861749E+5
3.315000E+0	6.863673E+5
3.320000E+0	6.871401E+5
3.325000E+0	6.875232E+5
3.330000E+0	6.877321E+5
3.335000E+0	6.886035E+5
3.340000E+0	6.888699E+5
3.345000E+0	6.893253E+5
3.350000E+0	6.900258E+5
3.355000E+0	6.899058E+5
3.360000E+0	6.903908E+5
3.365000E+0	6.911833E+5
3.370000E+0	6.912968E+5
3.375000E+0	6.922801E+5
3.380000E+0	6.929887E+5
3.385000E+0	6.928506E+5
3.390000E+0	6.935659E+5
3.395000E+0	6.937994E+5
3.400000E+0	6.938026E+5
3.405000E+0	6.944932E+5
3.410000E+0	6.951394E+5
3.415000E+0	6.950950E+5
3.420000E+0	6.957412E+5
3.425000E+0	6.963545E+5
3.430000E+0	6.962657E+5
3.435000E+0	6.971306E+5
3.440000E+0	6.975713E+5
3.445000E+0	6.974348E+5
3.450000E+0	6.984904E+5
3.455000E+0	6.988094E+5
3.460000E+0	6.988900E+5
3.465000E+0	6.997894E+5
3.470000E+0	7.000179E+5
3.475000E+0	7.002777E+5
3.480000E+0	7.010456E+5
3.485000E+0	7.013514E+5
3.490000E+0	7.016013E+5
3.495000E+0	7.024070E+5
3.500000E+0	7.024054E+5
3.505000E+0	7.029562E+5
3.510000E+0	7.035991E+5
3.515000E+0	7.037027E+5
3.520000E+0	7.041746E+5
3.525000E+0	7.048191E+5
3.530000E+0	7.049655E+5
3.535000E+0	7.053141E+5
3.540000E+0	7.061872E+5
3.545000E+0	7.061017E+5
3.550000E+0	7.066985E+5
3.555000E+0	7.073513E+5
3.560000E+0	7.073497E+5
3.565000E+0	7.079284E+5
3.570000E+0	7.084299E+5
3.575000E+0	7.084743E+5
3.580000E+0	7.091978E+5
3.585000E+0	7.096220E+5
3.590000E+0	7.097059E+5
3.595000E+0	7.105247E+5
3.600000E+0	7.109308E+5
3.605000E+0	7.107598E+5
3.610000E+0	7.118944E+5
3.615000E+0	7.122643E+5
3.620000E+0	7.120835E+5
3.625000E+0	7.129303E+5
3.630000E+0	7.133495E+5
3.635000E+0	7.133430E+5
3.640000E+0	7.143608E+5
3.645000E+0	7.144331E+5
3.650000E+0	7.146090E+5
3.655000E+0	7.154098E+5
3.660000E+0	7.155200E+5
3.665000E+0	7.159573E+5
3.670000E+0	7.166052E+5
3.675000E+0	7.168633E+5
3.680000E+0	7.170310E+5
3.685000E+0	7.177857E+5
3.690000E+0	7.180685E+5
3.695000E+0	7.183826E+5
3.700000E+0	7.191965E+5
3.705000E+0	7.189877E+5
3.710000E+0	7.195911E+5
3.715000E+0	7.203869E+5
3.720000E+0	7.202225E+5
3.725000E+0	7.207618E+5
3.730000E+0	7.213538E+5
3.735000E+0	7.212436E+5
3.740000E+0	7.220608E+5
3.745000E+0	7.226116E+5
3.750000E+0	7.224719E+5
3.755000E+0	7.232003E+5
3.760000E+0	7.236212E+5
3.765000E+0	7.235604E+5
3.770000E+0	7.244170E+5
3.775000E+0	7.247574E+5
3.780000E+0	7.249465E+5
3.785000E+0	7.257127E+5
3.790000E+0	7.261238E+5
3.795000E+0	7.259725E+5
3.800000E+0	7.267436E+5
3.805000E+0	7.270593E+5
3.810000E+0	7.273208E+5
3.815000E+0	7.281182E+5
3.820000E+0	7.282021E+5
3.825000E+0	7.283961E+5
3.830000E+0	7.290275E+5
3.835000E+0	7.290489E+5
3.840000E+0	7.297987E+5
3.845000E+0	7.303544E+5
3.850000E+0	7.302739E+5
3.855000E+0	7.309595E+5
3.860000E+0	7.316600E+5
3.865000E+0	7.312752E+5
3.870000E+0	7.320332E+5
3.875000E+0	7.324689E+5
3.880000E+0	7.326268E+5
3.885000E+0	7.329655E+5
3.890000E+0	7.336528E+5
3.895000E+0	7.335804E+5
3.900000E+0	7.343960E+5
3.905000E+0	7.347906E+5
3.910000E+0	7.346114E+5
3.915000E+0	7.354960E+5
3.920000E+0	7.358117E+5
3.925000E+0	7.359038E+5
3.930000E+0	7.368131E+5
3.935000E+0	7.370120E+5
3.940000E+0	7.371123E+5
3.945000E+0	7.378259E+5
3.950000E+0	7.379525E+5
3.955000E+0	7.383175E+5
3.960000E+0	7.390591E+5
3.965000E+0	7.390196E+5
3.970000E+0	7.393090E+5
3.975000E+0	7.402347E+5
3.980000E+0	7.400769E+5
3.985000E+0	7.406886E+5
3.990000E+0	7.413512E+5
3.995000E+0	7.414170E+5
4.000000E+0	7.418428E+5
4.005000E+0	7.425104E+5
4.010000E+0	7.425055E+5
4.015000E+0	7.427225E+5
4.020000E+0	7.433983E+5
4.025000E+0	7.434114E+5
4.030000E+0	7.437929E+5
4.035000E+0	7.443766E+5
4.040000E+0	7.444819E+5
4.045000E+0	7.449899E+5
4.050000E+0	7.455358E+5
4.055000E+0	7.452695E+5
4.060000E+0	7.462215E+5
4.065000E+0	7.465372E+5
4.070000E+0	7.465964E+5
4.075000E+0	7.473330E+5
4.080000E+0	7.476290E+5
4.085000E+0	7.477260E+5
4.090000E+0	7.483508E+5
4.095000E+0	7.488046E+5
4.100000E+0	7.488293E+5
4.105000E+0	7.495873E+5
4.110000E+0	7.496876E+5
4.115000E+0	7.500115E+5
4.120000E+0	7.506314E+5
4.125000E+0	7.507185E+5
4.130000E+0	7.511937E+5
4.135000E+0	7.517018E+5
4.140000E+0	7.517232E+5
4.145000E+0	7.521589E+5
4.150000E+0	7.527640E+5
4.155000E+0	7.526653E+5
4.160000E+0	7.532293E+5
4.165000E+0	7.537176E+5
4.170000E+0	7.536256E+5
4.175000E+0	7.542537E+5
4.180000E+0	7.547864E+5
4.185000E+0	7.547749E+5
4.190000E+0	7.553487E+5
4.195000E+0	7.560147E+5
4.200000E+0	7.557516E+5
4.205000E+0	7.565441E+5
4.210000E+0	7.567677E+5
4.215000E+0	7.567348E+5
4.220000E+0	7.575997E+5
4.225000E+0	7.578957E+5
4.230000E+0	7.579467E+5
4.235000E+0	7.588050E+5
4.240000E+0	7.589102E+5
4.245000E+0	7.590763E+5
4.250000E+0	7.599773E+5
4.255000E+0	7.599477E+5
4.260000E+0	7.600908E+5
4.265000E+0	7.607616E+5
4.270000E+0	7.607846E+5
4.275000E+0	7.612269E+5
4.280000E+0	7.619192E+5
4.285000E+0	7.617646E+5
4.290000E+0	7.622809E+5
4.295000E+0	7.628860E+5
4.300000E+0	7.629024E+5
4.305000E+0	7.633053E+5
4.310000E+0	7.638594E+5
4.315000E+0	7.638331E+5
4.320000E+0	7.644102E+5
4.325000E+0	7.649282E+5
4.330000E+0	7.647654E+5
4.335000E+0	7.653425E+5
4.340000E+0	7.656862E+5
4.345000E+0	7.656796E+5
4.350000E+0	7.665708E+5
4.355000E+0	7.668421E+5
4.360000E+0	7.667023E+5
4.365000E+0	7.675064E+5
4.370000E+0	7.677513E+5
4.375000E+0	7.677333E+5
4.380000E+0	7.684238E+5
4.385000E+0	7.687938E+5
4.390000E+0	7.688579E+5
4.395000E+0	7.695666E+5
4.400000E+0	7.696899E+5
4.405000E+0	7.699497E+5
4.410000E+0	7.705285E+5
4.415000E+0	7.707242E+5
4.420000E+0	7.709856E+5
4.425000E+0	7.716828E+5
4.430000E+0	7.714707E+5
4.435000E+0	7.718834E+5
4.440000E+0	7.726003E+5
4.445000E+0	7.725493E+5
4.450000E+0	7.730409E+5
4.455000E+0	7.734158E+5
4.460000E+0	7.733073E+5
4.465000E+0	7.738482E+5
4.470000E+0	7.744681E+5
4.475000E+0	7.742281E+5
4.480000E+0	7.751669E+5
4.485000E+0	7.753873E+5
4.490000E+0	7.753511E+5
4.495000E+0	7.760811E+5
4.500000E+0	7.762341E+5
4.505000E+0	7.761765E+5
4.510000E+0	7.771548E+5
4.515000E+0	7.774393E+5
4.520000E+0	7.774229E+5
4.525000E+0	7.782516E+5
4.530000E+0	7.784028E+5
4.535000E+0	7.781529E+5
4.540000E+0	7.790359E+5
4.545000E+0	7.795028E+5
4.550000E+0	7.793055E+5
4.555000E+0	7.800701E+5
4.560000E+0	7.803315E+5
4.565000E+0	7.801951E+5
4.570000E+0	7.811241E+5
4.575000E+0	7.813428E+5
4.580000E+0	7.813904E+5
4.585000E+0	7.818623E+5
4.590000E+0	7.819972E+5
4.595000E+0	7.825250E+5
4.600000E+0	7.829295E+5
4.605000E+0	7.829936E+5
4.610000E+0	7.833307E+5
4.615000E+0	7.838338E+5
4.620000E+0	7.838239E+5
4.625000E+0	7.843172E+5
4.630000E+0	7.847940E+5
4.635000E+0	7.847381E+5
4.640000E+0	7.853136E+5
4.645000E+0	7.856935E+5
4.650000E+0	7.857050E+5
4.655000E+0	7.861242E+5
4.660000E+0	7.865682E+5
4.665000E+0	7.864991E+5
4.670000E+0	7.870812E+5
4.675000E+0	7.873443E+5
4.680000E+0	7.875153E+5
4.685000E+0	7.881894E+5
4.690000E+0	7.883160E+5
4.695000E+0	7.883687E+5
4.700000E+0	7.891447E+5
4.705000E+0	7.892796E+5
4.710000E+0	7.893996E+5
4.715000E+0	7.900540E+5
4.720000E+0	7.901806E+5
4.725000E+0	7.904223E+5
4.730000E+0	7.908827E+5
4.735000E+0	7.910455E+5
4.740000E+0	7.912625E+5
4.745000E+0	7.918232E+5
4.750000E+0	7.919712E+5
4.755000E+0	7.922869E+5
4.760000E+0	7.928591E+5
4.765000E+0	7.925779E+5
4.770000E+0	7.929709E+5
4.775000E+0	7.938851E+5
4.780000E+0	7.936023E+5
4.785000E+0	7.941104E+5
4.790000E+0	7.947714E+5
4.795000E+0	7.943702E+5
4.800000E+0	7.947648E+5
4.805000E+0	7.954406E+5
4.810000E+0	7.952334E+5
4.815000E+0	7.957119E+5
4.820000E+0	7.962578E+5
4.825000E+0	7.961427E+5
4.830000E+0	7.967363E+5
4.835000E+0	7.970076E+5
4.840000E+0	7.969780E+5
4.845000E+0	7.977228E+5
4.850000E+0	7.982227E+5
4.855000E+0	7.979366E+5
4.860000E+0	7.986535E+5
4.865000E+0	7.988294E+5
4.870000E+0	7.989198E+5
4.875000E+0	7.995907E+5
4.880000E+0	7.997568E+5
4.885000E+0	7.996515E+5
4.890000E+0	8.003536E+5
4.895000E+0	8.006036E+5
4.900000E+0	8.006085E+5
4.905000E+0	8.013583E+5
4.910000E+0	8.013385E+5
4.915000E+0	8.015276E+5
4.920000E+0	8.021853E+5
4.925000E+0	8.021311E+5
4.930000E+0	8.024139E+5
4.935000E+0	8.030765E+5
4.940000E+0	8.028496E+5
4.945000E+0	8.031094E+5
4.950000E+0	8.038329E+5
4.955000E+0	8.037507E+5
4.960000E+0	8.041190E+5
4.965000E+0	8.046599E+5
4.970000E+0	8.045909E+5
4.975000E+0	8.050759E+5
4.980000E+0	8.055610E+5
4.985000E+0	8.053702E+5
4.990000E+0	8.058027E+5
4.995000E+0	8.061924E+5
5.000000E+0	8.060789E+5
