applied voltage (volts)	measured current (nanoamps)	measured temperature (deg C)
-3.000000E+0	-4.648772E+3
-2.995000E+0	-4.869103E+3
-2.990000E+0	-4.857593E+3
-2.985000E+0	-4.635618E+3
-2.980000E+0	-4.974335E+3
-2.975000E+0	-4.795111E+3
-2.970000E+0	-4.777024E+3
-2.965000E+0	-5.104231E+3
-2.960000E+0	-4.847727E+3
-2.955000E+0	-4.814842E+3
-2.950000E+0	-5.240704E+3
-2.945000E+0	-4.744139E+3
-2.940000E+0	-4.823063E+3
-2.935000E+0	-5.056548E+3
-2.930000E+0	-4.652061E+3
-2.925000E+0	-4.726052E+3
-2.920000E+0	-4.929940E+3
-2.915000E+0	-4.709610E+3
-2.910000E+0	-5.104231E+3
-2.905000E+0	-5.733980E+3
-2.900000E+0	-4.153852E+3
-2.895000E+0	-4.528742E+3
-2.890000E+0	-5.038461E+3
-2.885000E+0	-4.691523E+3
-2.880000E+0	-4.436664E+3
-2.875000E+0	-4.890478E+3
-2.870000E+0	-4.604378E+3
-2.865000E+0	-4.680013E+3
-2.860000E+0	-4.925007E+3
-2.855000E+0	-4.543540E+3
-2.850000E+0	-4.735918E+3
-2.845000E+0	-4.989133E+3
-2.840000E+0	-5.049971E+3
-2.835000E+0	-5.025307E+3
-2.830000E+0	-5.414995E+3
-2.825000E+0	-4.599445E+3
-2.820000E+0	-4.814842E+3
-2.815000E+0	-4.523809E+3
-2.810000E+0	-4.482703E+3
-2.805000E+0	-4.648772E+3
-2.800000E+0	-3.923656E+3
-2.795000E+0	-4.778669E+3
-2.790000E+0	-4.803332E+3
-2.785000E+0	-4.609310E+3
-2.780000E+0	-5.109164E+3
-2.775000E+0	-6.001994E+3
-2.770000E+0	-3.966407E+3
-2.765000E+0	-3.709903E+3
-2.760000E+0	-5.150270E+3
-2.755000E+0	-3.443534E+3
-2.750000E+0	-5.145337E+3
-2.745000E+0	-4.821419E+3
-2.740000E+0	-4.737562E+3
-2.735000E+0	-4.512299E+3
-2.730000E+0	-5.064769E+3
-2.725000E+0	-3.400783E+3
-2.720000E+0	-3.848020E+3
-2.715000E+0	-5.245637E+3
-2.710000E+0	-3.795404E+3
-2.705000E+0	9.861774E+3
-2.700000E+0	1.391157E+4
-2.695000E+0	3.415403E+2
-2.690000E+0	-4.329036E+2
-2.685000E+0	-1.657873E+3
-2.680000E+0	3.211512E+4
-2.675000E+0	-1.766634E+4
-2.670000E+0	-1.136391E+4
-2.665000E+0	6.274011E+3
-2.660000E+0	-3.103173E+3
-2.655000E+0	-6.409769E+3
-2.650000E+0	-1.802972E+4
-2.645000E+0	-3.537256E+3
-2.640000E+0	1.181679E+4
-2.635000E+0	-9.787068E+3
-2.630000E+0	-3.736211E+3
-2.625000E+0	-1.302461E+4
-2.620000E+0	-8.466732E+3
-2.615000E+0	-5.811260E+3
-2.610000E+0	-3.586584E+3
-2.605000E+0	-5.633681E+3
-2.600000E+0	-9.219800E+3
-2.595000E+0	-6.015148E+3
-2.590000E+0	-6.075985E+3
-2.585000E+0	-6.227257E+3
-2.580000E+0	-5.972397E+3
-2.575000E+0	-5.784952E+3
-2.570000E+0	-5.803039E+3
-2.565000E+0	-5.306474E+3
-2.560000E+0	-5.411707E+3
-2.555000E+0	-5.817837E+3
-2.550000E+0	-5.237416E+3
-2.545000E+0	-5.479121E+3
-2.540000E+0	-5.923070E+3
-2.535000E+0	-6.141756E+3
-2.530000E+0	-6.172996E+3
-2.525000E+0	-6.403192E+3
-2.520000E+0	-7.619940E+3
-2.515000E+0	-7.886310E+3
-2.510000E+0	-5.377177E+3
-2.505000E+0	-4.948027E+3
-2.500000E+0	-5.260435E+3
-2.495000E+0	-5.031884E+3
-2.490000E+0	-5.017085E+3
-2.485000E+0	-5.513650E+3
-2.480000E+0	-4.754005E+3
-2.475000E+0	-5.380466E+3
-2.470000E+0	-5.354158E+3
-2.465000E+0	-5.000643E+3
-2.460000E+0	-4.895411E+3
-2.455000E+0	-5.743846E+3
-2.450000E+0	-4.964469E+3
-2.445000E+0	-4.949671E+3
-2.440000E+0	-5.423216E+3
-2.435000E+0	-4.846083E+3
-2.430000E+0	-5.033528E+3
-2.425000E+0	-5.612306E+3
-2.420000E+0	-4.800044E+3
-2.415000E+0	-4.319922E+3
-2.410000E+0	-5.255502E+3
-2.405000E+0	-4.977623E+3
-2.400000E+0	-5.151914E+3
-2.395000E+0	-5.689586E+3
-2.390000E+0	-5.441303E+3
-2.385000E+0	-5.597507E+3
-2.380000E+0	-4.898699E+3
-2.375000E+0	-4.971046E+3
-2.370000E+0	-4.495857E+3
-2.365000E+0	-5.707672E+3
-2.360000E+0	-4.525453E+3
-2.355000E+0	-4.106168E+3
-2.350000E+0	-4.668503E+3
-2.345000E+0	-4.278815E+3
-2.340000E+0	-4.957892E+3
-2.335000E+0	-4.650417E+3
-2.330000E+0	-4.504078E+3
-2.325000E+0	-4.834573E+3
-2.320000E+0	-4.532030E+3
-2.315000E+0	-4.379115E+3
-2.310000E+0	-4.747428E+3
-2.305000E+0	-4.635618E+3
-2.300000E+0	-4.443241E+3
-2.295000E+0	-4.729341E+3
-2.290000E+0	-4.724408E+3
-2.285000E+0	-4.444885E+3
-2.280000E+0	-4.737562E+3
-2.275000E+0	-4.564915E+3
-2.270000E+0	-4.540252E+3
-2.265000E+0	-4.837862E+3
-2.260000E+0	-4.694812E+3
-2.255000E+0	-4.604378E+3
-2.250000E+0	-4.790178E+3
-2.245000E+0	-4.556694E+3
-2.240000E+0	-4.505722E+3
-2.235000E+0	-4.949671E+3
-2.230000E+0	-4.734274E+3
-2.225000E+0	-4.726052E+3
-2.220000E+0	-4.814842E+3
-2.215000E+0	-4.444885E+3
-2.210000E+0	-4.629041E+3
-2.205000E+0	-4.887189E+3
-2.200000E+0	-4.640551E+3
-2.195000E+0	-4.681658E+3
-2.190000E+0	-4.744139E+3
-2.185000E+0	-4.553406E+3
-2.180000E+0	-4.683302E+3
-2.175000E+0	-4.527098E+3
-2.170000E+0	-4.479414E+3
-2.165000E+0	-4.734274E+3
-2.160000E+0	-4.703033E+3
-2.155000E+0	-4.500789E+3
-2.150000E+0	-4.722764E+3
-2.145000E+0	-4.587935E+3
-2.140000E+0	-4.408711E+3
-2.135000E+0	-4.765514E+3
-2.130000E+0	-4.758937E+3
-2.125000E+0	-4.566560E+3
-2.120000E+0	-4.823063E+3
-2.115000E+0	-4.566560E+3
-2.110000E+0	-4.550117E+3
-2.105000E+0	-5.010508E+3
-2.100000E+0	-4.683302E+3
-2.095000E+0	-4.545184E+3
-2.090000E+0	-4.964469E+3
-2.085000E+0	-4.648772E+3
-2.080000E+0	-4.790178E+3
-2.075000E+0	-5.061480E+3
-2.070000E+0	-4.587935E+3
-2.065000E+0	-4.655349E+3
-2.060000E+0	-4.980912E+3
-2.055000E+0	-5.391976E+3
-2.050000E+0	-6.334133E+3
-2.045000E+0	-5.176578E+3
-2.040000E+0	-4.591224E+3
-2.035000E+0	-4.745783E+3
-2.030000E+0	-5.028595E+3
-2.025000E+0	-4.620820E+3
-2.020000E+0	-4.504078E+3
-2.015000E+0	-4.758937E+3
-2.010000E+0	-4.612599E+3
-2.005000E+0	-4.757293E+3
-2.000000E+0	-4.661926E+3
-1.995000E+0	-4.129188E+3
-1.990000E+0	-4.712898E+3
-1.985000E+0	-5.038461E+3
-1.980000E+0	-4.313344E+3
-1.975000E+0	-6.312758E+3
-1.970000E+0	-4.301835E+3
-1.965000E+0	-3.647421E+3
-1.960000E+0	-4.699744E+3
-1.955000E+0	-4.770447E+3
-1.950000E+0	-4.522165E+3
-1.945000E+0	-7.642960E+3
-1.940000E+0	-2.524395E+3
-1.935000E+0	-5.018730E+3
-1.930000E+0	-4.980912E+3
-1.925000E+0	-5.830991E+3
-1.920000E+0	-5.655056E+3
-1.915000E+0	-2.557281E+3
-1.910000E+0	-4.984200E+3
-1.905000E+0	-4.541896E+3
-1.900000E+0	-5.250570E+3
-1.895000E+0	-4.676725E+3
-1.890000E+0	-4.778669E+3
-1.885000E+0	-5.142049E+3
-1.880000E+0	-4.758938E+3
-1.875000E+0	-4.688235E+3
-1.870000E+0	-4.915142E+3
-1.865000E+0	-4.860881E+3
-1.860000E+0	-4.656994E+3
-1.855000E+0	-4.972691E+3
-1.850000E+0	-4.686590E+3
-1.845000E+0	-4.862526E+3
-1.840000E+0	-5.051615E+3
-1.835000E+0	-4.571493E+3
-1.830000E+0	-6.378528E+3
-1.825000E+0	-5.747135E+3
-1.820000E+0	-5.326205E+3
-1.815000E+0	-5.678076E+3
-1.810000E+0	-5.817838E+3
-1.805000E+0	-4.851016E+3
-1.800000E+0	-4.933229E+3
-1.795000E+0	-5.127251E+3
-1.790000E+0	-5.028595E+3
-1.785000E+0	-5.176578E+3
-1.780000E+0	-4.901988E+3
-1.775000E+0	-4.717831E+3
-1.770000E+0	-4.944738E+3
-1.765000E+0	-4.630686E+3
-1.760000E+0	-4.474482E+3
-1.755000E+0	-4.990777E+3
-1.750000E+0	-4.758938E+3
-1.745000E+0	-4.484347E+3
-1.740000E+0	-5.135472E+3
-1.735000E+0	-4.813198E+3
-1.730000E+0	-4.632330E+3
-1.725000E+0	-5.401841E+3
-1.720000E+0	-5.444592E+3
-1.715000E+0	-4.824708E+3
-1.710000E+0	-5.176578E+3
-1.705000E+0	-4.867458E+3
-1.700000E+0	-4.739207E+3
-1.695000E+0	-4.870747E+3
-1.690000E+0	-4.801688E+3
-1.685000E+0	-4.620820E+3
-1.680000E+0	-5.028595E+3
-1.675000E+0	-4.546829E+3
-1.670000E+0	-4.573137E+3
-1.665000E+0	-5.048326E+3
-1.660000E+0	-4.530386E+3
-1.655000E+0	-4.655350E+3
-1.650000E+0	-5.184800E+3
-1.645000E+0	-4.543540E+3
-1.640000E+0	-5.040105E+3
-1.635000E+0	-5.097654E+3
-1.630000E+0	-4.441596E+3
-1.625000E+0	-4.665215E+3
-1.620000E+0	-4.874035E+3
-1.615000E+0	-4.490924E+3
-1.610000E+0	-4.790178E+3
-1.605000E+0	-4.831285E+3
-1.600000E+0	-4.520521E+3
-1.595000E+0	-4.777024E+3
-1.590000E+0	-4.865814E+3
-1.585000E+0	-4.668504E+3
-1.580000E+0	-5.059836E+3
-1.575000E+0	-4.777024E+3
-1.570000E+0	-4.811554E+3
-1.565000E+0	-5.036817E+3
-1.560000E+0	-4.773736E+3
-1.555000E+0	-5.012153E+3
-1.550000E+0	-5.150270E+3
-1.545000E+0	-4.724408E+3
-1.540000E+0	-4.643840E+3
-1.535000E+0	-4.716187E+3
-1.530000E+0	-4.689879E+3
-1.525000E+0	-4.637263E+3
-1.520000E+0	-5.168357E+3
-1.515000E+0	-4.711254E+3
-1.510000E+0	-4.518876E+3
-1.505000E+0	-4.994066E+3
-1.500000E+0	-4.569848E+3
-1.495000E+0	-4.648773E+3
-1.490000E+0	-5.087788E+3
-1.485000E+0	-4.777024E+3
-1.480000E+0	-4.739207E+3
-1.475000E+0	-4.954604E+3
-1.470000E+0	-4.587935E+3
-1.465000E+0	-4.699744E+3
-1.460000E+0	-5.051615E+3
-1.455000E+0	-4.433375E+3
-1.450000E+0	-4.737562E+3
-1.445000E+0	-4.754005E+3
-1.440000E+0	-4.652061E+3
-1.435000E+0	-4.727697E+3
-1.430000E+0	-4.668504E+3
-1.425000E+0	-4.707966E+3
-1.420000E+0	-4.819775E+3
-1.415000E+0	-4.699744E+3
-1.410000E+0	-4.571492E+3
-1.405000E+0	-4.735918E+3
-1.400000E+0	-4.607666E+3
-1.395000E+0	-4.420221E+3
-1.390000E+0	-4.971046E+3
-1.385000E+0	-4.750716E+3
-1.380000E+0	-4.451462E+3
-1.375000E+0	-5.257147E+3
-1.370000E+0	-4.905276E+3
-1.365000E+0	-4.703033E+3
-1.360000E+0	-5.072990E+3
-1.355000E+0	-4.727697E+3
-1.350000E+0	-4.545184E+3
-1.345000E+0	-4.977623E+3
-1.340000E+0	-4.811554E+3
-1.335000E+0	-4.791823E+3
-1.330000E+0	-4.956248E+3
-1.325000E+0	-4.721120E+3
-1.320000E+0	-4.721120E+3
-1.315000E+0	-4.956248E+3
-1.310000E+0	-4.568204E+3
-1.305000E+0	-4.780313E+3
-1.300000E+0	-5.002287E+3
-1.295000E+0	-4.384048E+3
-1.290000E+0	-4.698100E+3
-1.285000E+0	-4.852660E+3
-1.280000E+0	-4.467905E+3
-1.275000E+0	-4.561627E+3
-1.270000E+0	-4.870747E+3
-1.265000E+0	-4.523809E+3
-1.260000E+0	-5.457746E+3
-1.255000E+0	-5.666566E+3
-1.250000E+0	-3.009451E+3
-1.245000E+0	-4.962825E+3
-1.240000E+0	-6.686004E+3
-1.235000E+0	-5.240704E+3
-1.230000E+0	-3.749365E+3
-1.225000E+0	-4.793467E+3
-1.220000E+0	-4.387336E+3
-1.215000E+0	-6.151621E+3
-1.210000E+0	-3.972984E+3
-1.205000E+0	-4.504078E+3
-1.200000E+0	-5.017086E+3
-1.195000E+0	-4.847727E+3
-1.190000E+0	-4.722764E+3
-1.185000E+0	-7.547593E+3
-1.180000E+0	-3.096596E+3
-1.175000E+0	-4.522165E+3
-1.170000E+0	-5.097654E+3
-1.165000E+0	-6.860295E+3
-1.160000E+0	-3.872684E+3
-1.155000E+0	-4.893766E+3
-1.150000E+0	-4.624109E+3
-1.145000E+0	-4.920075E+3
-1.140000E+0	-4.943094E+3
-1.135000E+0	-4.477770E+3
-1.130000E+0	-4.862526E+3
-1.125000E+0	-5.102587E+3
-1.120000E+0	-4.701389E+3
-1.115000E+0	-4.706321E+3
-1.110000E+0	-5.077923E+3
-1.105000E+0	-4.630686E+3
-1.100000E+0	-4.620820E+3
-1.095000E+0	-4.998999E+3
-1.090000E+0	-4.777024E+3
-1.085000E+0	-4.800044E+3
-1.080000E+0	-5.061480E+3
-1.075000E+0	-4.734274E+3
-1.070000E+0	-4.826352E+3
-1.065000E+0	-5.063125E+3
-1.060000E+0	-4.818131E+3
-1.055000E+0	-4.974335E+3
-1.050000E+0	-4.880612E+3
-1.045000E+0	-4.811554E+3
-1.040000E+0	-5.081211E+3
-1.035000E+0	-4.865814E+3
-1.030000E+0	-4.663571E+3
-1.025000E+0	-4.951315E+3
-1.020000E+0	-4.908565E+3
-1.015000E+0	-4.678369E+3
-1.010000E+0	-4.980912E+3
-1.005000E+0	-4.716187E+3
-1.000000E+0	-4.569848E+3
-9.950000E-1	-5.145337E+3
-9.900000E-1	-4.681658E+3
-9.850000E-1	-4.663571E+3
-9.800000E-1	-5.110808E+3
-9.750000E-1	-4.952960E+3
-9.700000E-1	-4.541896E+3
-9.650000E-1	-4.895411E+3
-9.600000E-1	-4.987489E+3
-9.550000E-1	-4.804977E+3
-9.500000E-1	-5.234127E+3
-9.450000E-1	-4.808265E+3
-9.400000E-1	-4.778669E+3
-9.350000E-1	-5.454457E+3
-9.300000E-1	-4.831285E+3
-9.250000E-1	-4.925007E+3
-9.200000E-1	-5.281810E+3
-9.150000E-1	-4.339653E+3
-9.100000E-1	-4.967758E+3
-9.050000E-1	-4.767159E+3
-9.000000E-1	-4.814842E+3
-8.950000E-1	-5.211108E+3
-8.900000E-1	-3.948320E+3
-8.850000E-1	-4.354451E+3
-8.800000E-1	-4.614243E+3
-8.750000E-1	-4.530386E+3
-8.700000E-1	-4.724408E+3
-8.650000E-1	-5.385399E+3
-8.600000E-1	-3.829934E+3
-8.550000E-1	-4.453106E+3
-8.500000E-1	-4.906920E+3
-8.450000E-1	-4.712898E+3
-8.400000E-1	-4.559983E+3
-8.350000E-1	-5.063125E+3
-8.300000E-1	-4.388980E+3
-8.250000E-1	-4.443241E+3
-8.200000E-1	-4.941450E+3
-8.150000E-1	-4.801688E+3
-8.100000E-1	-4.314989E+3
-8.050000E-1	-4.726052E+3
-8.000000E-1	-4.786890E+3
-7.950000E-1	-4.989133E+3
-7.900000E-1	-5.161780E+3
-7.850000E-1	-4.709610E+3
-7.800000E-1	-4.502434E+3
-7.750000E-1	-5.096010E+3
-7.700000E-1	-5.005576E+3
-7.650000E-1	-5.030240E+3
-7.600000E-1	-5.196309E+3
-7.550000E-1	-4.637263E+3
-7.500000E-1	-4.607666E+3
-7.450000E-1	-4.987489E+3
-7.400000E-1	-4.668504E+3
-7.350000E-1	-4.785246E+3
-7.300000E-1	-4.653705E+3
-7.250000E-1	-4.303479E+3
-7.200000E-1	-4.515588E+3
-7.150000E-1	-4.597801E+3
-7.100000E-1	-4.351162E+3
-7.050000E-1	-4.696456E+3
-7.000000E-1	-4.661927E+3
-6.950000E-1	-4.482703E+3
-6.900000E-1	-4.717831E+3
-6.850000E-1	-4.448173E+3
-6.800000E-1	-4.522165E+3
-6.750000E-1	-4.706321E+3
-6.700000E-1	-5.012153E+3
-6.650000E-1	-5.171645E+3
-6.600000E-1	-4.217978E+3
-6.550000E-1	-4.645484E+3
-6.500000E-1	-4.928296E+3
-6.450000E-1	-4.384048E+3
-6.400000E-1	-4.543540E+3
-6.350000E-1	-4.568204E+3
-6.300000E-1	-4.994066E+3
-6.250000E-1	-4.806621E+3
-6.200000E-1	-4.730985E+3
-6.150000E-1	-4.933228E+3
-6.100000E-1	-4.280459E+3
-6.050000E-1	-4.499145E+3
-6.000000E-1	-4.818131E+3
-5.950000E-1	-4.334720E+3
-5.900000E-1	-4.239353E+3
-5.850000E-1	-4.684946E+3
-5.800000E-1	-4.359384E+3
-5.750000E-1	-4.412000E+3
-5.700000E-1	-4.574781E+3
-5.650000E-1	-4.145631E+3
-5.600000E-1	-4.285392E+3
-5.550000E-1	-4.629041E+3
-5.500000E-1	-4.170294E+3
-5.450000E-1	-4.344585E+3
-5.400000E-1	-4.652061E+3
-5.350000E-1	-4.124255E+3
-5.300000E-1	-4.545184E+3
-5.250000E-1	-4.227843E+3
-5.200000E-1	-4.060129E+3
-5.150000E-1	-4.364316E+3
-5.100000E-1	-4.160429E+3
-5.050000E-1	-4.022311E+3
-5.000000E-1	-4.339653E+3
-4.950000E-1	-4.147275E+3
-4.900000E-1	-3.966407E+3
-4.850000E-1	-4.163717E+3
-4.800000E-1	-3.833222E+3
-4.750000E-1	-3.690172E+3
-4.700000E-1	-4.051908E+3
-4.650000E-1	-3.691816E+3
-4.600000E-1	-3.635912E+3
-4.550000E-1	-3.966407E+3
-4.500000E-1	-3.545478E+3
-4.450000E-1	-3.459976E+3
-4.400000E-1	-3.632623E+3
-4.350000E-1	-3.164011E+3
-4.300000E-1	-3.086731E+3
-4.250000E-1	-3.236358E+3
-4.200000E-1	-2.767745E+3
-4.150000E-1	-2.754591E+3
-4.100000E-1	-2.849958E+3
-4.050000E-1	-2.328729E+3
-4.000000E-1	-2.530973E+3
-3.950000E-1	-2.623051E+3
-3.900000E-1	-2.021254E+3
-3.850000E-1	-1.994946E+3
-3.800000E-1	-1.981792E+3
-3.750000E-1	-1.421101E+3
-3.700000E-1	-1.802568E+3
-3.650000E-1	-1.449053E+3
-3.600000E-1	-1.001816E+3
-3.550000E-1	-1.184328E+3
-3.500000E-1	-8.143708E+2
-3.450000E-1	-5.578671E+2
-3.400000E-1	-6.663879E+2
-3.350000E-1	-2.668340E+2
-3.300000E-1	2.642602E+2
-3.250000E-1	7.845947E+1
-3.200000E-1	5.766686E+2
-3.150000E-1	8.463264E+2
-3.100000E-1	6.506601E+2
-3.050000E-1	1.265611E+3
-3.000000E-1	1.655300E+3
-2.950000E-1	1.550067E+3
-2.900000E-1	2.314646E+3
-2.850000E-1	2.511956E+3
-2.800000E-1	2.273539E+3
-2.750000E-1	3.200899E+3
-2.700000E-1	3.559346E+3
-2.650000E-1	3.523173E+3
-2.600000E-1	4.180875E+3
-2.550000E-1	4.404493E+3
-2.500000E-1	4.373252E+3
-2.450000E-1	5.356517E+3
-2.400000E-1	5.501211E+3
-2.350000E-1	5.668925E+3
-2.300000E-1	6.476254E+3
-2.250000E-1	6.666988E+3
-2.200000E-1	7.030368E+3
-2.150000E-1	7.660117E+3
-2.100000E-1	7.882092E+3
-2.050000E-1	8.171481E+3
-2.000000E-1	8.945924E+3
-1.950000E-1	8.936059E+3
-1.900000E-1	9.802581E+3
-1.850000E-1	1.026462E+4
-1.800000E-1	1.040931E+4
-1.750000E-1	1.115580E+4
-1.700000E-1	1.176747E+4
-1.650000E-1	1.190723E+4
-1.600000E-1	1.261426E+4
-1.550000E-1	1.307136E+4
-1.500000E-1	1.319797E+4
-1.450000E-1	1.416643E+4
-1.400000E-1	1.475179E+4
-1.350000E-1	1.503296E+4
-1.300000E-1	1.575149E+4
-1.250000E-1	1.658184E+4
-1.200000E-1	1.664268E+4
-1.150000E-1	1.766376E+4
-1.100000E-1	1.821788E+4
-1.050000E-1	1.849411E+4
-1.000000E-1	1.965167E+4
-9.500000E-2	2.010384E+4
-9.000000E-2	2.054121E+4
-8.500000E-2	2.151790E+4
-8.000000E-2	2.191909E+4
-7.500000E-2	2.248472E+4
-7.000000E-2	2.329040E+4
-6.500000E-2	2.402703E+4
-6.000000E-2	2.462060E+4
-5.500000E-2	2.559894E+4
-5.000000E-2	2.604946E+4
-4.500000E-2	2.683706E+4
-4.000000E-2	2.775455E+4
-3.500000E-2	2.787458E+4
-3.000000E-2	2.894006E+4
-2.500000E-2	2.954515E+4
-2.000000E-2	3.008282E+4
-1.500000E-2	3.117625E+4
-1.000000E-2	3.198193E+4
-5.000000E-3	3.232065E+4
-4.181204E-14	3.341901E+4
5.000000E-3	3.423127E+4
1.000000E-2	3.464069E+4
1.500000E-2	3.576207E+4
2.000000E-2	3.664668E+4
2.500000E-2	3.693278E+4
3.000000E-2	3.822845E+4
3.500000E-2	3.883683E+4
4.000000E-2	3.946493E+4
4.500000E-2	4.060111E+4
5.000000E-2	4.135583E+4
5.500000E-2	4.173565E+4
6.000000E-2	4.304776E+4
6.500000E-2	4.359530E+4
7.000000E-2	4.443552E+4
7.500000E-2	4.540234E+4
8.000000E-2	4.613074E+4
8.500000E-2	4.677529E+4
9.000000E-2	4.800684E+4
9.500000E-2	4.845736E+4
1.000000E-1	4.941761E+4
1.050000E-1	5.047651E+4
1.100000E-1	5.079878E+4
1.150000E-1	5.178698E+4
1.200000E-1	5.288205E+4
1.250000E-1	5.324872E+4
1.300000E-1	5.427802E+4
1.350000E-1	5.532706E+4
1.400000E-1	5.563125E+4
1.450000E-1	5.659807E+4
1.500000E-1	5.760928E+4
1.550000E-1	5.801870E+4
1.600000E-1	5.902005E+4
1.650000E-1	6.008389E+4
1.700000E-1	6.044891E+4
1.750000E-1	6.158838E+4
1.800000E-1	6.232336E+4
1.850000E-1	6.285446E+4
1.900000E-1	6.415177E+4
1.950000E-1	6.455626E+4
2.000000E-1	6.512188E+4
2.050000E-1	6.638796E+4
2.100000E-1	6.701771E+4
2.150000E-1	6.764746E+4
2.200000E-1	6.869320E+4
2.250000E-1	6.917168E+4
2.300000E-1	6.993297E+4
2.350000E-1	7.105764E+4
2.400000E-1	7.154270E+4
2.450000E-1	7.229083E+4
2.500000E-1	7.316722E+4
2.550000E-1	7.377066E+4
2.600000E-1	7.445632E+4
2.650000E-1	7.527022E+4
2.700000E-1	7.575034E+4
2.750000E-1	7.676156E+4
2.800000E-1	7.738802E+4
2.850000E-1	7.774154E+4
2.900000E-1	7.876920E+4
2.950000E-1	7.955351E+4
3.000000E-1	7.980508E+4
3.050000E-1	8.082780E+4
3.100000E-1	8.138356E+4
3.150000E-1	8.185875E+4
3.200000E-1	8.285188E+4
3.250000E-1	8.338462E+4
3.300000E-1	8.373156E+4
3.350000E-1	8.476744E+4
3.400000E-1	8.533142E+4
3.450000E-1	8.565862E+4
3.500000E-1	8.671259E+4
3.550000E-1	8.704802E+4
3.600000E-1	8.760542E+4
3.650000E-1	8.880408E+4
3.700000E-1	8.900961E+4
3.750000E-1	8.936806E+4
3.800000E-1	9.023952E+4
3.850000E-1	9.042367E+4
3.900000E-1	9.110933E+4
3.950000E-1	9.196763E+4
4.000000E-1	9.216001E+4
4.050000E-1	9.287197E+4
4.100000E-1	9.351158E+4
4.150000E-1	9.359380E+4
4.200000E-1	9.457213E+4
4.250000E-1	9.506540E+4
4.300000E-1	9.527258E+4
4.350000E-1	9.610128E+4
4.400000E-1	9.662745E+4
4.450000E-1	9.653866E+4
4.500000E-1	9.758605E+4
4.550000E-1	9.820757E+4
4.600000E-1	9.820264E+4
4.650000E-1	9.920235E+4
4.700000E-1	9.967425E+4
4.750000E-1	9.998995E+4
4.800000E-1	1.005605E+5
4.850000E-1	1.011607E+5
4.900000E-1	1.014385E+5
4.950000E-1	1.022870E+5
5.000000E-1	1.027128E+5
5.050000E-1	1.028148E+5
5.100000E-1	1.035267E+5
5.150000E-1	1.037421E+5
5.200000E-1	1.042551E+5
5.250000E-1	1.050411E+5
5.300000E-1	1.050543E+5
5.350000E-1	1.052927E+5
5.400000E-1	1.062052E+5
5.450000E-1	1.063960E+5
5.500000E-1	1.069632E+5
5.550000E-1	1.074351E+5
5.600000E-1	1.076834E+5
5.650000E-1	1.081668E+5
5.700000E-1	1.087982E+5
5.750000E-1	1.088755E+5
5.800000E-1	1.094576E+5
5.850000E-1	1.100117E+5
5.900000E-1	1.101070E+5
5.950000E-1	1.108404E+5
6.000000E-1	1.112416E+5
6.050000E-1	1.113616E+5
6.100000E-1	1.119387E+5
6.150000E-1	1.125882E+5
6.200000E-1	1.125126E+5
6.250000E-1	1.130766E+5
6.300000E-1	1.137408E+5
6.350000E-1	1.135337E+5
6.400000E-1	1.143278E+5
6.450000E-1	1.148935E+5
6.500000E-1	1.152568E+5
6.550000E-1	1.155906E+5
6.600000E-1	1.161563E+5
6.650000E-1	1.162039E+5
6.700000E-1	1.169110E+5
6.750000E-1	1.171346E+5
6.800000E-1	1.172415E+5
6.850000E-1	1.180636E+5
6.900000E-1	1.185092E+5
6.950000E-1	1.183859E+5
7.000000E-1	1.191735E+5
7.050000E-1	1.194579E+5
7.100000E-1	1.195895E+5
7.150000E-1	1.201123E+5
7.200000E-1	1.205349E+5
7.250000E-1	1.205941E+5
7.300000E-1	1.212403E+5
7.350000E-1	1.217730E+5
7.400000E-1	1.219259E+5
7.450000E-1	1.224636E+5
7.500000E-1	1.227201E+5
7.550000E-1	1.230621E+5
7.600000E-1	1.237280E+5
7.650000E-1	1.238119E+5
7.700000E-1	1.240931E+5
7.750000E-1	1.247261E+5
7.800000E-1	1.250484E+5
7.850000E-1	1.250665E+5
7.900000E-1	1.259922E+5
7.950000E-1	1.260415E+5
8.000000E-1	1.260267E+5
8.050000E-1	1.267962E+5
8.100000E-1	1.268834E+5
8.150000E-1	1.273931E+5
8.200000E-1	1.279176E+5
8.250000E-1	1.281774E+5
8.300000E-1	1.285687E+5
8.350000E-1	1.288811E+5
8.400000E-1	1.290406E+5
8.450000E-1	1.295043E+5
8.500000E-1	1.300173E+5
8.550000E-1	1.299762E+5
8.600000E-1	1.306306E+5
8.650000E-1	1.310992E+5
8.700000E-1	1.309595E+5
8.750000E-1	1.315202E+5
8.800000E-1	1.320003E+5
8.850000E-1	1.319460E+5
8.900000E-1	1.325281E+5
8.950000E-1	1.332302E+5
9.000000E-1	1.331973E+5
9.050000E-1	1.335212E+5
9.100000E-1	1.341312E+5
9.150000E-1	1.342069E+5
9.200000E-1	1.349435E+5
9.250000E-1	1.349600E+5
9.300000E-1	1.350487E+5
9.350000E-1	1.359564E+5
9.400000E-1	1.359531E+5
9.450000E-1	1.360731E+5
9.500000E-1	1.369068E+5
9.550000E-1	1.371041E+5
9.600000E-1	1.371156E+5
9.650000E-1	1.378226E+5
9.700000E-1	1.380643E+5
9.750000E-1	1.381662E+5
9.800000E-1	1.387664E+5
9.850000E-1	1.390887E+5
9.900000E-1	1.392202E+5
9.950000E-1	1.397053E+5
1.000000E+0	1.397990E+5
1.005000E+0	1.402890E+5
1.010000E+0	1.408250E+5
1.015000E+0	1.409122E+5
1.020000E+0	1.413216E+5
1.025000E+0	1.418264E+5
1.030000E+0	1.416406E+5
1.035000E+0	1.420911E+5
1.040000E+0	1.429412E+5
1.045000E+0	1.426518E+5
1.050000E+0	1.429921E+5
1.055000E+0	1.436120E+5
1.060000E+0	1.436465E+5
1.065000E+0	1.440839E+5
1.070000E+0	1.446249E+5
1.075000E+0	1.445887E+5
1.080000E+0	1.451412E+5
1.085000E+0	1.455457E+5
1.090000E+0	1.454585E+5
1.095000E+0	1.461754E+5
1.100000E+0	1.464747E+5
1.105000E+0	1.464105E+5
1.110000E+0	1.472688E+5
1.115000E+0	1.475023E+5
1.120000E+0	1.474349E+5
1.125000E+0	1.480811E+5
1.130000E+0	1.484215E+5
1.135000E+0	1.484264E+5
1.140000E+0	1.487635E+5
1.145000E+0	1.491844E+5
1.150000E+0	1.494557E+5
1.155000E+0	1.501381E+5
1.160000E+0	1.500739E+5
1.165000E+0	1.504735E+5
1.170000E+0	1.509257E+5
1.175000E+0	1.511838E+5
1.180000E+0	1.515719E+5
1.185000E+0	1.520372E+5
1.190000E+0	1.518432E+5
1.195000E+0	1.523611E+5
1.200000E+0	1.530994E+5
1.205000E+0	1.530221E+5
1.210000E+0	1.532622E+5
1.215000E+0	1.540530E+5
1.220000E+0	1.539856E+5
1.225000E+0	1.542832E+5
1.230000E+0	1.547568E+5
1.235000E+0	1.547995E+5
1.240000E+0	1.552089E+5
1.245000E+0	1.556430E+5
1.250000E+0	1.556019E+5
1.255000E+0	1.562136E+5
1.260000E+0	1.565901E+5
1.265000E+0	1.564339E+5
1.270000E+0	1.568746E+5
1.275000E+0	1.574616E+5
1.280000E+0	1.574945E+5
1.285000E+0	1.578694E+5
1.290000E+0	1.584185E+5
1.295000E+0	1.584580E+5
1.300000E+0	1.589266E+5
1.305000E+0	1.593886E+5
1.310000E+0	1.592752E+5
1.315000E+0	1.599263E+5
1.320000E+0	1.601664E+5
1.325000E+0	1.602289E+5
1.330000E+0	1.610247E+5
1.335000E+0	1.610674E+5
1.340000E+0	1.610773E+5
1.345000E+0	1.618682E+5
1.350000E+0	1.621247E+5
1.355000E+0	1.620342E+5
1.360000E+0	1.628416E+5
1.365000E+0	1.629221E+5
1.370000E+0	1.631096E+5
1.375000E+0	1.636308E+5
1.380000E+0	1.637656E+5
1.385000E+0	1.640090E+5
1.390000E+0	1.644875E+5
1.395000E+0	1.646716E+5
1.400000E+0	1.649956E+5
1.405000E+0	1.654099E+5
1.410000E+0	1.651781E+5
1.415000E+0	1.658654E+5
1.420000E+0	1.664063E+5
1.425000E+0	1.659722E+5
1.430000E+0	1.667418E+5
1.435000E+0	1.672317E+5
1.440000E+0	1.670657E+5
1.445000E+0	1.674554E+5
1.450000E+0	1.680029E+5
1.455000E+0	1.680226E+5
1.460000E+0	1.683860E+5
1.465000E+0	1.688776E+5
1.470000E+0	1.690618E+5
1.475000E+0	1.694778E+5
1.480000E+0	1.696619E+5
1.485000E+0	1.698724E+5
1.490000E+0	1.704709E+5
1.495000E+0	1.705400E+5
1.500000E+0	1.706485E+5
1.505000E+0	1.714476E+5
1.510000E+0	1.714542E+5
1.515000E+0	1.713654E+5
1.520000E+0	1.721497E+5
1.525000E+0	1.724670E+5
1.530000E+0	1.724753E+5
1.535000E+0	1.731280E+5
1.540000E+0	1.734158E+5
1.545000E+0	1.734043E+5
1.550000E+0	1.739387E+5
1.555000E+0	1.740110E+5
1.560000E+0	1.743645E+5
1.565000E+0	1.748446E+5
1.570000E+0	1.747049E+5
1.575000E+0	1.749104E+5
1.580000E+0	1.757292E+5
1.585000E+0	1.757144E+5
1.590000E+0	1.759364E+5
1.595000E+0	1.765612E+5
1.600000E+0	1.765941E+5
1.605000E+0	1.768720E+5
1.610000E+0	1.773258E+5
1.615000E+0	1.773916E+5
1.620000E+0	1.779885E+5
1.625000E+0	1.780953E+5
1.630000E+0	1.781348E+5
1.635000E+0	1.787136E+5
1.640000E+0	1.790654E+5
1.645000E+0	1.788451E+5
1.650000E+0	1.796705E+5
1.655000E+0	1.797412E+5
1.660000E+0	1.795669E+5
1.665000E+0	1.804581E+5
1.670000E+0	1.806456E+5
1.675000E+0	1.804022E+5
1.680000E+0	1.811767E+5
1.685000E+0	1.813921E+5
1.690000E+0	1.814019E+5
1.695000E+0	1.820448E+5
1.700000E+0	1.822520E+5
1.705000E+0	1.823194E+5
1.710000E+0	1.829114E+5
1.715000E+0	1.828702E+5
1.720000E+0	1.832550E+5
1.725000E+0	1.838634E+5
1.730000E+0	1.838617E+5
1.735000E+0	1.839752E+5
1.740000E+0	1.846707E+5
1.745000E+0	1.846296E+5
1.750000E+0	1.849815E+5
1.755000E+0	1.854008E+5
1.760000E+0	1.854879E+5
1.765000E+0	1.857017E+5
1.770000E+0	1.861456E+5
1.775000E+0	1.862771E+5
1.780000E+0	1.865945E+5
1.785000E+0	1.868839E+5
1.790000E+0	1.868049E+5
1.795000E+0	1.874396E+5
1.800000E+0	1.875070E+5
1.805000E+0	1.873344E+5
1.810000E+0	1.883900E+5
1.815000E+0	1.886251E+5
1.820000E+0	1.884525E+5
1.825000E+0	1.891168E+5
1.830000E+0	1.893223E+5
1.835000E+0	1.893009E+5
1.840000E+0	1.897071E+5
1.845000E+0	1.899948E+5
1.850000E+0	1.900244E+5
1.855000E+0	1.909189E+5
1.860000E+0	1.908432E+5
1.865000E+0	1.913234E+5
1.870000E+0	1.916867E+5
1.875000E+0	1.915223E+5
1.880000E+0	1.919087E+5
1.885000E+0	1.924217E+5
1.890000E+0	1.925533E+5
1.895000E+0	1.925894E+5
1.900000E+0	1.931814E+5
1.905000E+0	1.931205E+5
1.910000E+0	1.933705E+5
1.915000E+0	1.938950E+5
1.920000E+0	1.938983E+5
1.925000E+0	1.941926E+5
1.930000E+0	1.944063E+5
1.935000E+0	1.938900E+5
1.940000E+0	1.948273E+5
1.945000E+0	1.953616E+5
1.950000E+0	1.951906E+5
1.955000E+0	1.958582E+5
1.960000E+0	1.962791E+5
1.965000E+0	1.958681E+5
1.970000E+0	1.966754E+5
1.975000E+0	1.970355E+5
1.980000E+0	1.969204E+5
1.985000E+0	1.974367E+5
1.990000E+0	1.977195E+5
1.995000E+0	1.975945E+5
2.000000E+0	1.981700E+5
2.005000E+0	1.984216E+5
2.010000E+0	1.985466E+5
2.015000E+0	1.988886E+5
2.020000E+0	1.990234E+5
2.025000E+0	1.993638E+5
2.030000E+0	1.995315E+5
2.035000E+0	1.995101E+5
2.040000E+0	2.004128E+5
2.045000E+0	2.005098E+5
2.050000E+0	2.003339E+5
2.055000E+0	2.008354E+5
2.060000E+0	2.016115E+5
2.065000E+0	2.010343E+5
2.070000E+0	2.016180E+5
2.075000E+0	2.020932E+5
2.080000E+0	2.019979E+5
2.085000E+0	2.024714E+5
2.090000E+0	2.027115E+5
2.095000E+0	2.025783E+5
2.100000E+0	2.032310E+5
2.105000E+0	2.036618E+5
2.110000E+0	2.033478E+5
2.115000E+0	2.036487E+5
2.120000E+0	2.044922E+5
2.125000E+0	2.040088E+5
2.130000E+0	2.044527E+5
2.135000E+0	2.051154E+5
2.140000E+0	2.047734E+5
2.145000E+0	2.054491E+5
2.150000E+0	2.054064E+5
2.155000E+0	2.055231E+5
2.160000E+0	2.061611E+5
2.165000E+0	2.062844E+5
2.170000E+0	2.063486E+5
2.175000E+0	2.070490E+5
2.180000E+0	2.070753E+5
2.185000E+0	2.070655E+5
2.190000E+0	2.079632E+5
2.195000E+0	2.076755E+5
2.200000E+0	2.077610E+5
2.205000E+0	2.084746E+5
2.210000E+0	2.085387E+5
2.215000E+0	2.087278E+5
2.220000E+0	2.092786E+5
2.225000E+0	2.094743E+5
2.230000E+0	2.093115E+5
2.235000E+0	2.099034E+5
2.240000E+0	2.097801E+5
2.245000E+0	2.102898E+5
2.250000E+0	2.106138E+5
2.255000E+0	2.104493E+5
2.260000E+0	2.110166E+5
2.265000E+0	2.114622E+5
2.270000E+0	2.110182E+5
2.275000E+0	2.117335E+5
2.280000E+0	2.121972E+5
2.285000E+0	2.119078E+5
2.290000E+0	2.123287E+5
2.295000E+0	2.128401E+5
2.300000E+0	2.126855E+5
2.305000E+0	2.130127E+5
2.310000E+0	2.132084E+5
2.315000E+0	2.132774E+5
2.320000E+0	2.138496E+5
2.325000E+0	2.141703E+5
2.330000E+0	2.139039E+5
2.335000E+0	2.146553E+5
2.340000E+0	2.147951E+5
2.345000E+0	2.145583E+5
2.350000E+0	2.154594E+5
2.355000E+0	2.155416E+5
2.360000E+0	2.153476E+5
2.365000E+0	2.160299E+5
2.370000E+0	2.162651E+5
2.375000E+0	2.162371E+5
2.380000E+0	2.167945E+5
2.385000E+0	2.168570E+5
2.390000E+0	2.172302E+5
2.395000E+0	2.173996E+5
2.400000E+0	2.175426E+5
2.405000E+0	2.177975E+5
2.410000E+0	2.184634E+5
2.415000E+0	2.181938E+5
2.420000E+0	2.184634E+5
2.425000E+0	2.190488E+5
2.430000E+0	2.186673E+5
2.435000E+0	2.191705E+5
2.440000E+0	2.196621E+5
2.445000E+0	2.194648E+5
2.450000E+0	2.197492E+5
2.455000E+0	2.201784E+5
2.460000E+0	2.200271E+5
2.465000E+0	2.206585E+5
2.470000E+0	2.207983E+5
2.475000E+0	2.201027E+5
2.480000E+0	2.195141E+5
2.485000E+0	2.235902E+5
2.490000E+0	2.212159E+5
2.495000E+0	2.220726E+5
2.500000E+0	2.220347E+5
2.505000E+0	2.218062E+5
2.510000E+0	2.224376E+5
2.515000E+0	2.208871E+5
2.520000E+0	2.221712E+5
2.525000E+0	2.228223E+5
2.530000E+0	2.236083E+5
2.535000E+0	2.235014E+5
2.540000E+0	2.230575E+5
2.545000E+0	2.241591E+5
2.550000E+0	2.243992E+5
2.555000E+0	2.246787E+5
2.560000E+0	2.244206E+5
2.565000E+0	2.249845E+5
2.570000E+0	2.253923E+5
2.575000E+0	2.250059E+5
2.580000E+0	2.254515E+5
2.585000E+0	2.261569E+5
2.590000E+0	2.256061E+5
2.595000E+0	2.262539E+5
2.600000E+0	2.266140E+5
2.605000E+0	2.264545E+5
2.610000E+0	2.267324E+5
2.615000E+0	2.270382E+5
2.620000E+0	2.270004E+5
2.625000E+0	2.276334E+5
2.630000E+0	2.274953E+5
2.635000E+0	2.276417E+5
2.640000E+0	2.282418E+5
2.645000E+0	2.283290E+5
2.650000E+0	2.280544E+5
2.655000E+0	2.289340E+5
2.660000E+0	2.289554E+5
2.665000E+0	2.288962E+5
2.670000E+0	2.293352E+5
2.675000E+0	2.295079E+5
2.680000E+0	2.296115E+5
2.685000E+0	2.299420E+5
2.690000E+0	2.300373E+5
2.695000E+0	2.302133E+5
2.700000E+0	2.306293E+5
2.705000E+0	2.305816E+5
2.710000E+0	2.308052E+5
2.715000E+0	2.313100E+5
2.720000E+0	2.311423E+5
2.725000E+0	2.314251E+5
2.730000E+0	2.320121E+5
2.735000E+0	2.317885E+5
2.740000E+0	2.319068E+5
2.745000E+0	2.324774E+5
2.750000E+0	2.325152E+5
2.755000E+0	2.324823E+5
2.760000E+0	2.330052E+5
2.765000E+0	2.331039E+5
2.770000E+0	2.333604E+5
2.775000E+0	2.334837E+5
2.780000E+0	2.332897E+5
2.785000E+0	2.338865E+5
2.790000E+0	2.341841E+5
2.795000E+0	2.338421E+5
2.800000E+0	2.345623E+5
2.805000E+0	2.348616E+5
2.810000E+0	2.346560E+5
2.815000E+0	2.352036E+5
2.820000E+0	2.355768E+5
2.825000E+0	2.352776E+5
2.830000E+0	2.357955E+5
2.835000E+0	2.359928E+5
2.840000E+0	2.358892E+5
2.845000E+0	2.364680E+5
2.850000E+0	2.364762E+5
2.855000E+0	2.364647E+5
2.860000E+0	2.370484E+5
2.865000E+0	2.369202E+5
2.870000E+0	2.371010E+5
2.875000E+0	2.376897E+5
2.880000E+0	2.375154E+5
2.885000E+0	2.376798E+5
2.890000E+0	2.382307E+5
2.895000E+0	2.383392E+5
2.900000E+0	2.382487E+5
2.905000E+0	2.386614E+5
2.910000E+0	2.387815E+5
2.915000E+0	2.390215E+5
2.920000E+0	2.392748E+5
2.925000E+0	2.391991E+5
2.930000E+0	2.395987E+5
2.935000E+0	2.397450E+5
2.940000E+0	2.395033E+5
2.945000E+0	2.403106E+5
2.950000E+0	2.404816E+5
2.955000E+0	2.399489E+5
2.960000E+0	2.407003E+5
2.965000E+0	2.409322E+5
2.970000E+0	2.404734E+5
2.975000E+0	2.411476E+5
2.980000E+0	2.414517E+5
2.985000E+0	2.412446E+5
2.990000E+0	2.418677E+5
2.995000E+0	2.419500E+5
3.000000E+0	2.418727E+5
3.005000E+0	2.425271E+5
3.010000E+0	2.424482E+5
3.015000E+0	2.424663E+5
3.020000E+0	2.430368E+5
3.025000E+0	2.431388E+5
3.030000E+0	2.429118E+5
3.035000E+0	2.436682E+5
3.040000E+0	2.437323E+5
3.045000E+0	2.435498E+5
3.050000E+0	2.439280E+5
3.055000E+0	2.441763E+5
3.060000E+0	2.442092E+5
3.065000E+0	2.444361E+5
3.070000E+0	2.445166E+5
3.075000E+0	2.448126E+5
3.080000E+0	2.451102E+5
3.085000E+0	2.450510E+5
3.090000E+0	2.455295E+5
3.095000E+0	2.457827E+5
3.100000E+0	2.454292E+5
3.105000E+0	2.459126E+5
3.110000E+0	2.463681E+5
3.115000E+0	2.458600E+5
3.120000E+0	2.461592E+5
3.125000E+0	2.467742E+5
3.130000E+0	2.464881E+5
3.135000E+0	2.467495E+5
3.140000E+0	2.471935E+5
3.145000E+0	2.470915E+5
3.150000E+0	2.473941E+5
3.155000E+0	2.476917E+5
3.160000E+0	2.475174E+5
3.165000E+0	2.480436E+5
3.170000E+0	2.481176E+5
3.175000E+0	2.479811E+5
3.180000E+0	2.486996E+5
3.185000E+0	2.488279E+5
3.190000E+0	2.484513E+5
3.195000E+0	2.490334E+5
3.200000E+0	2.492652E+5
3.205000E+0	2.489989E+5
3.210000E+0	2.494658E+5
3.215000E+0	2.498325E+5
3.220000E+0	2.498374E+5
3.225000E+0	2.500035E+5
3.230000E+0	2.502058E+5
3.235000E+0	2.504096E+5
3.240000E+0	2.508503E+5
3.245000E+0	2.505395E+5
3.250000E+0	2.507533E+5
3.255000E+0	2.514028E+5
3.260000E+0	2.511134E+5
3.265000E+0	2.511907E+5
3.270000E+0	2.519207E+5
3.275000E+0	2.519881E+5
3.280000E+0	2.518171E+5
3.285000E+0	2.517810E+5
3.290000E+0	2.511611E+5
3.295000E+0	2.525488E+5
3.300000E+0	2.527724E+5
3.305000E+0	2.525751E+5
3.310000E+0	2.531112E+5
3.315000E+0	2.532608E+5
3.320000E+0	2.530553E+5
3.325000E+0	2.534811E+5
3.330000E+0	2.538659E+5
3.335000E+0	2.535880E+5
3.340000E+0	2.538264E+5
3.345000E+0	2.543312E+5
3.350000E+0	2.541980E+5
3.355000E+0	2.542802E+5
3.360000E+0	2.549083E+5
3.365000E+0	2.545713E+5
3.370000E+0	2.549330E+5
3.375000E+0	2.551303E+5
3.380000E+0	2.552043E+5
3.385000E+0	2.556581E+5
3.390000E+0	2.556581E+5
3.395000E+0	2.558801E+5
3.400000E+0	2.563109E+5
3.405000E+0	2.560412E+5
3.410000E+0	2.560593E+5
3.415000E+0	2.566052E+5
3.420000E+0	2.567598E+5
3.425000E+0	2.564671E+5
3.430000E+0	2.572070E+5
3.435000E+0	2.572267E+5
3.440000E+0	2.570590E+5
3.445000E+0	2.574865E+5
3.450000E+0	2.576855E+5
3.455000E+0	2.577891E+5
3.460000E+0	2.580587E+5
3.465000E+0	2.580028E+5
3.470000E+0	2.585010E+5
3.475000E+0	2.586835E+5
3.480000E+0	2.584616E+5
3.485000E+0	2.589121E+5
3.490000E+0	2.592607E+5
3.495000E+0	2.586622E+5
3.500000E+0	2.592837E+5
3.505000E+0	2.596388E+5
3.510000E+0	2.592261E+5
3.515000E+0	2.596339E+5
3.520000E+0	2.600664E+5
3.525000E+0	2.599282E+5
3.530000E+0	2.600022E+5
3.535000E+0	2.603409E+5
3.540000E+0	2.604692E+5
3.545000E+0	2.609543E+5
3.550000E+0	2.608819E+5
3.555000E+0	2.608786E+5
3.560000E+0	2.614689E+5
3.565000E+0	2.613012E+5
3.570000E+0	2.612190E+5
3.575000E+0	2.617649E+5
3.580000E+0	2.617879E+5
3.585000E+0	2.618043E+5
3.590000E+0	2.622746E+5
3.595000E+0	2.623683E+5
3.600000E+0	2.623732E+5
3.605000E+0	2.627465E+5
3.610000E+0	2.627975E+5
3.615000E+0	2.628123E+5
3.620000E+0	2.631263E+5
3.625000E+0	2.630474E+5
3.630000E+0	2.637100E+5
3.635000E+0	2.639271E+5
3.640000E+0	2.633729E+5
3.645000E+0	2.638843E+5
3.650000E+0	2.642921E+5
3.655000E+0	2.640915E+5
3.660000E+0	2.640718E+5
3.665000E+0	2.647870E+5
3.670000E+0	2.644993E+5
3.675000E+0	2.646768E+5
3.680000E+0	2.651257E+5
3.685000E+0	2.648281E+5
3.690000E+0	2.653345E+5
3.695000E+0	2.655713E+5
3.700000E+0	2.653921E+5
3.705000E+0	2.657670E+5
3.710000E+0	2.660268E+5
3.715000E+0	2.657177E+5
3.720000E+0	2.664773E+5
3.725000E+0	2.665464E+5
3.730000E+0	2.662027E+5
3.735000E+0	2.668390E+5
3.740000E+0	2.669245E+5
3.745000E+0	2.667223E+5
3.750000E+0	2.672616E+5
3.755000E+0	2.674129E+5
3.760000E+0	2.673997E+5
3.765000E+0	2.677417E+5
3.770000E+0	2.677039E+5
3.775000E+0	2.678585E+5
3.780000E+0	2.682399E+5
3.785000E+0	2.680657E+5
3.790000E+0	2.685178E+5
3.795000E+0	2.689420E+5
3.800000E+0	2.683189E+5
3.805000E+0	2.691015E+5
3.810000E+0	2.693120E+5
3.815000E+0	2.690769E+5
3.820000E+0	2.691591E+5
3.825000E+0	2.696080E+5
3.830000E+0	2.695126E+5
3.835000E+0	2.697691E+5
3.840000E+0	2.699105E+5
3.845000E+0	2.698924E+5
3.850000E+0	2.703051E+5
3.855000E+0	2.703314E+5
3.860000E+0	2.702098E+5
3.865000E+0	2.707409E+5
3.870000E+0	2.710648E+5
3.875000E+0	2.706077E+5
3.880000E+0	2.712687E+5
3.885000E+0	2.714972E+5
3.890000E+0	2.711503E+5
3.895000E+0	2.717866E+5
3.900000E+0	2.720480E+5
3.905000E+0	2.718096E+5
3.910000E+0	2.723029E+5
3.915000E+0	2.722059E+5
3.920000E+0	2.724081E+5
3.925000E+0	2.727666E+5
3.930000E+0	2.723226E+5
3.935000E+0	2.728883E+5
3.940000E+0	2.731267E+5
3.945000E+0	2.727699E+5
3.950000E+0	2.731563E+5
3.955000E+0	2.736512E+5
3.960000E+0	2.732894E+5
3.965000E+0	2.734637E+5
3.970000E+0	2.739225E+5
3.975000E+0	2.737219E+5
3.980000E+0	2.740672E+5
3.985000E+0	2.744421E+5
3.990000E+0	2.743631E+5
3.995000E+0	2.745720E+5
4.000000E+0	2.745950E+5
4.005000E+0	2.745144E+5
4.010000E+0	2.753004E+5
4.015000E+0	2.750866E+5
4.020000E+0	2.750159E+5
4.025000E+0	2.756901E+5
4.030000E+0	2.755947E+5
4.035000E+0	2.752708E+5
4.040000E+0	2.757624E+5
4.045000E+0	2.760469E+5
4.050000E+0	2.760896E+5
4.055000E+0	2.763675E+5
4.060000E+0	2.763806E+5
4.065000E+0	2.763543E+5
4.070000E+0	2.766454E+5
4.075000E+0	2.767605E+5
4.080000E+0	2.772488E+5
4.085000E+0	2.774363E+5
4.090000E+0	2.771436E+5
4.095000E+0	2.773458E+5
4.100000E+0	2.780381E+5
4.105000E+0	2.776369E+5
4.110000E+0	2.777618E+5
4.115000E+0	2.783570E+5
4.120000E+0	2.780742E+5
4.125000E+0	2.780249E+5
4.130000E+0	2.784508E+5
4.135000E+0	2.784573E+5
4.140000E+0	2.788602E+5
4.145000E+0	2.790016E+5
4.150000E+0	2.786366E+5
4.155000E+0	2.793502E+5
4.160000E+0	2.794357E+5
4.165000E+0	2.791627E+5
4.170000E+0	2.799635E+5
4.175000E+0	2.797070E+5
4.180000E+0	2.793863E+5
4.185000E+0	2.800786E+5
4.190000E+0	2.803219E+5
4.195000E+0	2.801920E+5
4.200000E+0	2.806080E+5
4.205000E+0	2.805538E+5
4.210000E+0	2.805012E+5
4.215000E+0	2.807938E+5
4.220000E+0	2.807560E+5
4.225000E+0	2.809599E+5
4.230000E+0	2.813233E+5
4.235000E+0	2.811145E+5
4.240000E+0	2.813266E+5
4.245000E+0	2.829001E+5
4.250000E+0	2.818050E+5
4.255000E+0	2.814499E+5
4.260000E+0	2.821602E+5
4.265000E+0	2.823641E+5
4.270000E+0	2.824052E+5
4.275000E+0	2.797662E+5
4.280000E+0	2.790591E+5
4.285000E+0	2.876389E+5
4.290000E+0	2.830580E+5
4.295000E+0	2.834937E+5
4.300000E+0	2.837025E+5
4.305000E+0	2.838752E+5
4.310000E+0	2.837469E+5
4.315000E+0	2.822605E+5
4.320000E+0	2.831566E+5
4.325000E+0	2.840018E+5
4.330000E+0	2.856033E+5
4.335000E+0	2.850081E+5
4.340000E+0	2.835726E+5
4.345000E+0	2.848091E+5
4.350000E+0	2.846989E+5
4.355000E+0	2.848946E+5
4.360000E+0	2.851330E+5
4.365000E+0	2.850952E+5
4.370000E+0	2.853435E+5
4.375000E+0	2.860489E+5
4.380000E+0	2.852037E+5
4.385000E+0	2.853122E+5
4.390000E+0	2.862215E+5
4.395000E+0	2.859321E+5
4.400000E+0	2.857134E+5
4.405000E+0	2.864682E+5
4.410000E+0	2.861936E+5
4.415000E+0	2.863251E+5
4.420000E+0	2.865027E+5
4.425000E+0	2.865931E+5
4.430000E+0	2.867937E+5
4.435000E+0	2.872097E+5
4.440000E+0	2.867329E+5
4.445000E+0	2.872377E+5
4.450000E+0	2.872623E+5
4.455000E+0	2.873182E+5
4.460000E+0	2.879102E+5
4.465000E+0	2.873774E+5
4.470000E+0	2.878296E+5
4.475000E+0	2.874662E+5
4.480000E+0	2.880022E+5
4.485000E+0	2.878296E+5
4.490000E+0	2.887422E+5
4.495000E+0	2.882209E+5
4.500000E+0	2.886287E+5
4.505000E+0	2.892239E+5
4.510000E+0	2.893999E+5
4.515000E+0	2.889230E+5
4.520000E+0	2.895314E+5
4.525000E+0	2.892617E+5
4.530000E+0	2.891022E+5
4.535000E+0	2.898356E+5
4.540000E+0	2.897221E+5
4.545000E+0	2.895215E+5
4.550000E+0	2.900641E+5
4.555000E+0	2.900214E+5
4.560000E+0	2.901562E+5
4.565000E+0	2.902582E+5
4.570000E+0	2.902680E+5
4.575000E+0	2.906429E+5
4.580000E+0	2.908205E+5
4.585000E+0	2.904703E+5
4.590000E+0	2.910951E+5
4.595000E+0	2.912792E+5
4.600000E+0	2.908188E+5
4.605000E+0	2.912595E+5
4.610000E+0	2.917791E+5
4.615000E+0	2.911526E+5
4.620000E+0	2.915489E+5
4.625000E+0	2.920915E+5
4.630000E+0	2.916837E+5
4.635000E+0	2.918958E+5
4.640000E+0	2.922888E+5
4.645000E+0	2.920044E+5
4.650000E+0	2.924943E+5
4.655000E+0	2.925354E+5
4.660000E+0	2.924976E+5
4.665000E+0	2.929613E+5
4.670000E+0	2.929597E+5
4.675000E+0	2.926752E+5
4.680000E+0	2.933609E+5
4.685000E+0	2.933263E+5
4.690000E+0	2.929926E+5
4.695000E+0	2.937292E+5
4.700000E+0	2.937045E+5
4.705000E+0	2.934743E+5
4.710000E+0	2.938903E+5
4.715000E+0	2.940103E+5
4.720000E+0	2.941781E+5
4.725000E+0	2.942257E+5
4.730000E+0	2.942586E+5
4.735000E+0	2.945184E+5
4.740000E+0	2.947174E+5
4.745000E+0	2.944148E+5
4.750000E+0	2.948785E+5
4.755000E+0	2.953126E+5
4.760000E+0	2.947519E+5
4.765000E+0	2.952107E+5
4.770000E+0	2.957023E+5
4.775000E+0	2.951301E+5
4.780000E+0	2.954047E+5
4.785000E+0	2.960657E+5
4.790000E+0	2.957335E+5
4.795000E+0	2.957796E+5
4.800000E+0	2.960591E+5
4.805000E+0	2.960936E+5
4.810000E+0	2.962021E+5
4.815000E+0	2.964652E+5
4.820000E+0	2.962860E+5
4.825000E+0	2.969174E+5
4.830000E+0	2.968664E+5
4.835000E+0	2.965622E+5
4.840000E+0	2.975208E+5
4.845000E+0	2.975422E+5
4.850000E+0	2.969799E+5
4.855000E+0	2.975521E+5
4.860000E+0	2.977379E+5
4.865000E+0	2.973975E+5
4.870000E+0	2.977428E+5
4.875000E+0	2.980273E+5
4.880000E+0	2.979352E+5
4.885000E+0	2.980519E+5
4.890000E+0	2.982854E+5
4.895000E+0	2.983413E+5
4.900000E+0	2.987195E+5
4.905000E+0	2.984794E+5
4.910000E+0	2.987228E+5
4.915000E+0	2.991996E+5
4.920000E+0	2.988181E+5
4.925000E+0	2.988264E+5
4.930000E+0	2.995794E+5
4.935000E+0	2.994002E+5
4.940000E+0	2.992045E+5
4.945000E+0	2.997537E+5
4.950000E+0	2.995202E+5
4.955000E+0	2.997948E+5
4.960000E+0	3.000727E+5
4.965000E+0	2.997587E+5
4.970000E+0	3.000612E+5
4.975000E+0	3.002289E+5
4.980000E+0	2.997587E+5
4.985000E+0	3.005495E+5
4.990000E+0	3.005200E+5
4.995000E+0	3.004016E+5
5.000000E+0	3.007978E+5
