applied voltage (volts)	measured current (nanoamps)	measured temperature (deg C)
-3.000000E+0	-5.123962E+3
-2.995000E+0	-4.844439E+3
-2.990000E+0	-5.063125E+3
-2.985000E+0	-4.773736E+3
-2.980000E+0	-4.757293E+3
-2.975000E+0	-5.497208E+3
-2.970000E+0	-4.989133E+3
-2.965000E+0	-4.744139E+3
-2.960000E+0	-5.079567E+3
-2.955000E+0	-4.737562E+3
-2.950000E+0	-4.806621E+3
-2.945000E+0	-4.975979E+3
-2.940000E+0	-4.627397E+3
-2.935000E+0	-4.943094E+3
-2.930000E+0	-4.887189E+3
-2.925000E+0	-4.684946E+3
-2.920000E+0	-4.772092E+3
-2.915000E+0	-4.974335E+3
-2.910000E+0	-4.767159E+3
-2.905000E+0	-4.875680E+3
-2.900000E+0	-5.045038E+3
-2.895000E+0	-4.650417E+3
-2.890000E+0	-4.921719E+3
-2.885000E+0	-4.806621E+3
-2.880000E+0	-4.599445E+3
-2.875000E+0	-4.862526E+3
-2.870000E+0	-4.897055E+3
-2.865000E+0	-4.760582E+3
-2.860000E+0	-5.114097E+3
-2.855000E+0	-4.668504E+3
-2.850000E+0	-4.553406E+3
-2.845000E+0	-5.012153E+3
-2.840000E+0	-4.661927E+3
-2.835000E+0	-4.619176E+3
-2.830000E+0	-5.168357E+3
-2.825000E+0	-4.775380E+3
-2.820000E+0	-4.648773E+3
-2.815000E+0	-5.290032E+3
-2.810000E+0	-4.890478E+3
-2.805000E+0	-4.926652E+3
-2.800000E+0	-5.018730E+3
-2.795000E+0	-4.897055E+3
-2.790000E+0	-4.869103E+3
-2.785000E+0	-4.874035E+3
-2.780000E+0	-4.689879E+3
-2.775000E+0	-5.286743E+3
-2.770000E+0	-5.156847E+3
-2.765000E+0	-3.997648E+3
-2.760000E+0	-2.389567E+3
-2.755000E+0	-2.264603E+3
-2.750000E+0	-4.961181E+3
-2.745000E+0	-4.980912E+3
-2.740000E+0	-4.768803E+3
-2.735000E+0	-4.701389E+3
-2.730000E+0	-4.895411E+3
-2.725000E+0	-5.403485E+3
-2.720000E+0	-5.934579E+3
-2.715000E+0	-8.839977E+3
-2.710000E+0	-7.184213E+3
-2.705000E+0	-6.330845E+3
-2.700000E+0	-4.346230E+3
-2.695000E+0	-3.030826E+3
-2.690000E+0	-4.094659E+3
-2.685000E+0	-4.903632E+3
-2.680000E+0	-4.408711E+3
-2.675000E+0	-4.380759E+3
-2.670000E+0	-2.572079E+3
-2.665000E+0	-5.928002E+3
-2.660000E+0	-4.785245E+3
-2.655000E+0	-5.099298E+3
-2.650000E+0	-4.939805E+3
-2.645000E+0	-4.620820E+3
-2.640000E+0	-5.097654E+3
-2.635000E+0	-4.632330E+3
-2.630000E+0	-4.645484E+3
-2.625000E+0	-5.053259E+3
-2.620000E+0	-4.614243E+3
-2.615000E+0	-4.680013E+3
-2.610000E+0	-4.921719E+3
-2.605000E+0	-4.757293E+3
-2.600000E+0	-4.827996E+3
-2.595000E+0	-5.058192E+3
-2.590000E+0	-4.462972E+3
-2.585000E+0	-4.612599E+3
-2.580000E+0	-4.956248E+3
-2.575000E+0	-4.311700E+3
-2.570000E+0	-4.656994E+3
-2.565000E+0	-4.857593E+3
-2.560000E+0	-4.601089E+3
-2.555000E+0	-4.670148E+3
-2.550000E+0	-3.882550E+3
-2.545000E+0	-4.768803E+3
-2.540000E+0	-5.013797E+3
-2.535000E+0	-4.699744E+3
-2.530000E+0	-5.635325E+3
-2.525000E+0	-5.332782E+3
-2.520000E+0	-4.814842E+3
-2.515000E+0	-4.683302E+3
-2.510000E+0	-4.943094E+3
-2.505000E+0	-4.661926E+3
-2.500000E+0	-4.308412E+3
-2.495000E+0	-4.888834E+3
-2.490000E+0	-2.379701E+3
-2.485000E+0	-4.375826E+3
-2.480000E+0	-5.056548E+3
-2.475000E+0	-4.633974E+3
-2.470000E+0	-4.755649E+3
-2.465000E+0	-5.148626E+3
-2.460000E+0	-4.587935E+3
-2.455000E+0	-4.509011E+3
-2.450000E+0	-4.906920E+3
-2.445000E+0	-4.479414E+3
-2.440000E+0	-4.813198E+3
-2.435000E+0	-5.017085E+3
-2.430000E+0	-4.472837E+3
-2.425000E+0	-4.693167E+3
-2.420000E+0	-4.882257E+3
-2.415000E+0	-4.311700E+3
-2.410000E+0	-4.670148E+3
-2.405000E+0	-4.790178E+3
-2.400000E+0	-4.510655E+3
-2.395000E+0	-4.994066E+3
-2.390000E+0	-4.977623E+3
-2.385000E+0	-4.737562E+3
-2.380000E+0	-4.915142E+3
-2.375000E+0	-4.867458E+3
-2.370000E+0	-4.592868E+3
-2.365000E+0	-4.892122E+3
-2.360000E+0	-4.895411E+3
-2.355000E+0	-4.568204E+3
-2.350000E+0	-4.994066E+3
-2.345000E+0	-4.676725E+3
-2.340000E+0	-3.764163E+3
-2.335000E+0	-4.851016E+3
-2.330000E+0	-4.541896E+3
-2.325000E+0	-4.643840E+3
-2.320000E+0	-4.998999E+3
-2.315000E+0	-4.749072E+3
-2.310000E+0	-4.624109E+3
-2.305000E+0	-4.897055E+3
-2.300000E+0	-4.658638E+3
-2.295000E+0	-4.691523E+3
-2.290000E+0	-4.957892E+3
-2.285000E+0	-4.681657E+3
-2.280000E+0	-4.699744E+3
-2.275000E+0	-4.857593E+3
-2.270000E+0	-4.571492E+3
-2.265000E+0	-4.630686E+3
-2.260000E+0	-5.122318E+3
-2.255000E+0	-4.476126E+3
-2.250000E+0	-4.775380E+3
-2.245000E+0	-4.806621E+3
-2.240000E+0	-4.476126E+3
-2.235000E+0	-4.959536E+3
-2.230000E+0	-4.872391E+3
-2.225000E+0	-4.551761E+3
-2.220000E+0	-4.962825E+3
-2.215000E+0	-4.770447E+3
-2.210000E+0	-4.522165E+3
-2.205000E+0	-4.972691E+3
-2.200000E+0	-5.025307E+3
-2.195000E+0	-4.928296E+3
-2.190000E+0	-5.008864E+3
-2.185000E+0	-4.684946E+3
-2.180000E+0	-4.533675E+3
-2.175000E+0	-5.294964E+3
-2.170000E+0	-4.653705E+3
-2.165000E+0	-4.663571E+3
-2.160000E+0	-5.030239E+3
-2.155000E+0	-4.512299E+3
-2.150000E+0	-4.783601E+3
-2.145000E+0	-5.012153E+3
-2.140000E+0	-4.652061E+3
-2.135000E+0	-4.783601E+3
-2.130000E+0	-4.864170E+3
-2.125000E+0	-4.454750E+3
-2.120000E+0	-4.727697E+3
-2.115000E+0	-4.795111E+3
-2.110000E+0	-4.578069E+3
-2.105000E+0	-4.607666E+3
-2.100000E+0	-4.892122E+3
-2.095000E+0	-4.487635E+3
-2.090000E+0	-4.757293E+3
-2.085000E+0	-4.612599E+3
-2.080000E+0	-4.259084E+3
-2.075000E+0	-5.010508E+3
-2.070000E+0	-4.846083E+3
-2.065000E+0	-4.525453E+3
-2.060000E+0	-4.875680E+3
-2.055000E+0	-4.790178E+3
-2.050000E+0	-4.525453E+3
-2.045000E+0	-5.013797E+3
-2.040000E+0	-4.768803E+3
-2.035000E+0	-4.525453E+3
-2.030000E+0	-4.933228E+3
-2.025000E+0	-4.556694E+3
-2.020000E+0	-4.579714E+3
-2.015000E+0	-4.944738E+3
-2.010000E+0	-4.671792E+3
-2.005000E+0	-4.719475E+3
-2.000000E+0	-4.957892E+3
-1.995000E+0	-4.648772E+3
-1.990000E+0	-4.632330E+3
-1.985000E+0	-4.984200E+3
-1.980000E+0	-4.559983E+3
-1.975000E+0	-4.574781E+3
-1.970000E+0	-4.982556E+3
-1.965000E+0	-4.523809E+3
-1.960000E+0	-4.671792E+3
-1.955000E+0	-5.008864E+3
-1.950000E+0	-4.472837E+3
-1.945000E+0	-4.804977E+3
-1.940000E+0	-4.801688E+3
-1.935000E+0	-4.512299E+3
-1.930000E+0	-4.865814E+3
-1.925000E+0	-4.831285E+3
-1.920000E+0	-4.581358E+3
-1.915000E+0	-4.737562E+3
-1.910000E+0	-4.763870E+3
-1.905000E+0	-4.504078E+3
-1.900000E+0	-4.897055E+3
-1.895000E+0	-4.883901E+3
-1.890000E+0	-4.633974E+3
-1.885000E+0	-4.969402E+3
-1.880000E+0	-4.726052E+3
-1.875000E+0	-4.602733E+3
-1.870000E+0	-4.971046E+3
-1.865000E+0	-4.658638E+3
-1.860000E+0	-4.757293E+3
-1.855000E+0	-5.058192E+3
-1.850000E+0	-4.573137E+3
-1.845000E+0	-4.711254E+3
-1.840000E+0	-5.127250E+3
-1.835000E+0	-4.515588E+3
-1.830000E+0	-4.686590E+3
-1.825000E+0	-4.931584E+3
-1.820000E+0	-4.703033E+3
-1.815000E+0	-4.638907E+3
-1.810000E+0	-4.977623E+3
-1.805000E+0	-4.625753E+3
-1.800000E+0	-4.523809E+3
-1.795000E+0	-4.880612E+3
-1.790000E+0	-4.551761E+3
-1.785000E+0	-4.699744E+3
-1.780000E+0	-4.724408E+3
-1.775000E+0	-4.530386E+3
-1.770000E+0	-4.809909E+3
-1.765000E+0	-4.975979E+3
-1.760000E+0	-4.500789E+3
-1.755000E+0	-4.772091E+3
-1.750000E+0	-4.737562E+3
-1.745000E+0	-4.482703E+3
-1.740000E+0	-4.837862E+3
-1.735000E+0	-4.658638E+3
-1.730000E+0	-4.472837E+3
-1.725000E+0	-4.795111E+3
-1.720000E+0	-4.875679E+3
-1.715000E+0	-4.744139E+3
-1.710000E+0	-4.855948E+3
-1.705000E+0	-4.803332E+3
-1.700000E+0	-4.617532E+3
-1.695000E+0	-4.875679E+3
-1.690000E+0	-4.781957E+3
-1.685000E+0	-4.768803E+3
-1.680000E+0	-4.813198E+3
-1.675000E+0	-4.633974E+3
-1.670000E+0	-4.660282E+3
-1.665000E+0	-4.867458E+3
-1.660000E+0	-4.553406E+3
-1.655000E+0	-4.747428E+3
-1.650000E+0	-4.990777E+3
-1.645000E+0	-4.397201E+3
-1.640000E+0	-4.703033E+3
-1.635000E+0	-4.962825E+3
-1.630000E+0	-4.553406E+3
-1.625000E+0	-4.739206E+3
-1.620000E+0	-4.888834E+3
-1.615000E+0	-4.517232E+3
-1.610000E+0	-4.760582E+3
-1.605000E+0	-4.783601E+3
-1.600000E+0	-4.430087E+3
-1.595000E+0	-4.747428E+3
-1.590000E+0	-4.791823E+3
-1.585000E+0	-4.364316E+3
-1.580000E+0	-4.791823E+3
-1.575000E+0	-4.747428E+3
-1.570000E+0	-4.550117E+3
-1.565000E+0	-4.877324E+3
-1.560000E+0	-4.900343E+3
-1.555000E+0	-4.745783E+3
-1.550000E+0	-4.987489E+3
-1.545000E+0	-4.714543E+3
-1.540000E+0	-4.803332E+3
-1.535000E+0	-5.033528E+3
-1.530000E+0	-4.777024E+3
-1.525000E+0	-4.910209E+3
-1.520000E+0	-5.053259E+3
-1.515000E+0	-4.652061E+3
-1.510000E+0	-4.722764E+3
-1.505000E+0	-5.068057E+3
-1.500000E+0	-4.574781E+3
-1.495000E+0	-4.711254E+3
-1.490000E+0	-5.281810E+3
-1.485000E+0	-4.735918E+3
-1.480000E+0	-4.456395E+3
-1.475000E+0	-4.954604E+3
-1.470000E+0	-4.462972E+3
-1.465000E+0	-4.706321E+3
-1.460000E+0	-4.841150E+3
-1.455000E+0	-4.589579E+3
-1.450000E+0	-4.808265E+3
-1.445000E+0	-4.908565E+3
-1.440000E+0	-4.482703E+3
-1.435000E+0	-4.989133E+3
-1.430000E+0	-4.905276E+3
-1.425000E+0	-4.719475E+3
-1.420000E+0	-5.375533E+3
-1.415000E+0	-4.525453E+3
-1.410000E+0	-4.219622E+3
-1.405000E+0	-4.775380E+3
-1.400000E+0	-4.698100E+3
-1.395000E+0	-4.579714E+3
-1.390000E+0	-5.069702E+3
-1.385000E+0	-4.837862E+3
-1.380000E+0	-4.612599E+3
-1.375000E+0	-5.197953E+3
-1.370000E+0	-4.688234E+3
-1.365000E+0	-1.248858E+4
-1.360000E+0	-5.906627E+3
-1.355000E+0	-4.860881E+3
-1.350000E+0	-4.684946E+3
-1.345000E+0	-5.091077E+3
-1.340000E+0	-4.617532E+3
-1.335000E+0	-4.781957E+3
-1.330000E+0	-5.084500E+3
-1.325000E+0	-4.773736E+3
-1.320000E+0	-4.791823E+3
-1.315000E+0	-4.944738E+3
-1.310000E+0	-4.661926E+3
-1.305000E+0	-4.648772E+3
-1.300000E+0	-4.943094E+3
-1.295000E+0	-4.556694E+3
-1.290000E+0	-4.750716E+3
-1.285000E+0	-4.916786E+3
-1.280000E+0	-4.597800E+3
-1.275000E+0	-4.717831E+3
-1.270000E+0	-4.816486E+3
-1.265000E+0	-4.581358E+3
-1.260000E+0	-4.847727E+3
-1.255000E+0	-4.875679E+3
-1.250000E+0	-4.586291E+3
-1.245000E+0	-4.941450E+3
-1.240000E+0	-4.793467E+3
-1.235000E+0	-4.530386E+3
-1.230000E+0	-4.980912E+3
-1.225000E+0	-4.801688E+3
-1.220000E+0	-4.579714E+3
-1.215000E+0	-5.053259E+3
-1.210000E+0	-4.696456E+3
-1.205000E+0	-4.619176E+3
-1.200000E+0	-4.897055E+3
-1.195000E+0	-4.686590E+3
-1.190000E+0	-4.573137E+3
-1.185000E+0	-5.040105E+3
-1.180000E+0	-4.592868E+3
-1.175000E+0	-4.587935E+3
-1.170000E+0	-4.860881E+3
-1.165000E+0	-4.655349E+3
-1.160000E+0	-4.624109E+3
-1.155000E+0	-4.923363E+3
-1.150000E+0	-4.683302E+3
-1.145000E+0	-4.811554E+3
-1.140000E+0	-4.994066E+3
-1.135000E+0	-4.541896E+3
-1.130000E+0	-4.671792E+3
-1.125000E+0	-4.851016E+3
-1.120000E+0	-4.439952E+3
-1.115000E+0	-4.737562E+3
-1.110000E+0	-4.864170E+3
-1.105000E+0	-4.485991E+3
-1.100000E+0	-4.788534E+3
-1.095000E+0	-4.717831E+3
-1.090000E+0	-4.461327E+3
-1.085000E+0	-4.834573E+3
-1.080000E+0	-4.735918E+3
-1.075000E+0	-4.596156E+3
-1.070000E+0	-4.849371E+3
-1.065000E+0	-4.798400E+3
-1.060000E+0	-4.589579E+3
-1.055000E+0	-5.023662E+3
-1.050000E+0	-4.607666E+3
-1.045000E+0	-4.545184E+3
-1.040000E+0	-5.110808E+3
-1.035000E+0	-4.701389E+3
-1.030000E+0	-4.586291E+3
-1.025000E+0	-5.112452E+3
-1.020000E+0	-4.665215E+3
-1.015000E+0	-4.614243E+3
-1.010000E+0	-5.026951E+3
-1.005000E+0	-4.548473E+3
-1.000000E+0	-4.619176E+3
-9.950000E-1	-4.972691E+3
-9.900000E-1	-4.696456E+3
-9.850000E-1	-4.770447E+3
-9.800000E-1	-4.906920E+3
-9.750000E-1	-4.606022E+3
-9.700000E-1	-4.689879E+3
-9.650000E-1	-5.000643E+3
-9.600000E-1	-4.655349E+3
-9.550000E-1	-4.703033E+3
-9.500000E-1	-5.012153E+3
-9.450000E-1	-4.532030E+3
-9.400000E-1	-4.599445E+3
-9.350000E-1	-4.982556E+3
-9.300000E-1	-4.489280E+3
-9.250000E-1	-4.579714E+3
-9.200000E-1	-5.064769E+3
-9.150000E-1	-4.589579E+3
-9.100000E-1	-4.842794E+3
-9.050000E-1	-4.898699E+3
-9.000000E-1	-4.530386E+3
-8.950000E-1	-4.772091E+3
-8.900000E-1	-4.854304E+3
-8.850000E-1	-4.663571E+3
-8.800000E-1	-4.735918E+3
-8.750000E-1	-4.693167E+3
-8.700000E-1	-4.318277E+3
-8.650000E-1	-4.768803E+3
-8.600000E-1	-4.213045E+3
-8.550000E-1	-4.696456E+3
-8.500000E-1	-4.908565E+3
-8.450000E-1	-4.916786E+3
-8.400000E-1	-4.711254E+3
-8.350000E-1	-5.138760E+3
-8.300000E-1	-5.028595E+3
-8.250000E-1	-4.485991E+3
-8.200000E-1	-4.763870E+3
-8.150000E-1	-4.609310E+3
-8.100000E-1	-4.436664E+3
-8.050000E-1	-5.079567E+3
-8.000000E-1	-4.559983E+3
-7.950000E-1	-4.735918E+3
-7.900000E-1	-5.166713E+3
-7.850000E-1	-4.717831E+3
-7.800000E-1	-4.837862E+3
-7.750000E-1	-5.115741E+3
-7.700000E-1	-4.767159E+3
-7.650000E-1	-4.855948E+3
-7.600000E-1	-4.939805E+3
-7.550000E-1	-4.703033E+3
-7.500000E-1	-4.962825E+3
-7.450000E-1	-4.793467E+3
-7.400000E-1	-4.650417E+3
-7.350000E-1	-5.003931E+3
-7.300000E-1	-4.895411E+3
-7.250000E-1	-4.510655E+3
-7.200000E-1	-4.961181E+3
-7.150000E-1	-4.903632E+3
-7.100000E-1	-4.701389E+3
-7.050000E-1	-5.079567E+3
-7.000000E-1	-4.808265E+3
-6.950000E-1	-4.637263E+3
-6.900000E-1	-5.074634E+3
-6.850000E-1	-4.964469E+3
-6.800000E-1	-4.642195E+3
-6.750000E-1	-5.128895E+3
-6.700000E-1	-4.834573E+3
-6.650000E-1	-4.772091E+3
-6.600000E-1	-5.160136E+3
-6.550000E-1	-4.933228E+3
-6.500000E-1	-4.535319E+3
-6.450000E-1	-4.906920E+3
-6.400000E-1	-4.790178E+3
-6.350000E-1	-4.638907E+3
-6.300000E-1	-5.127250E+3
-6.250000E-1	-4.694812E+3
-6.200000E-1	-4.586291E+3
-6.150000E-1	-5.023662E+3
-6.100000E-1	-4.640551E+3
-6.050000E-1	-4.686590E+3
-6.000000E-1	-4.773736E+3
-5.950000E-1	-4.456395E+3
-5.900000E-1	-4.666859E+3
-5.850000E-1	-4.839506E+3
-5.800000E-1	-4.444885E+3
-5.750000E-1	-4.693167E+3
-5.700000E-1	-4.872391E+3
-5.650000E-1	-4.502434E+3
-5.600000E-1	-4.737562E+3
-5.550000E-1	-4.647128E+3
-5.500000E-1	-4.517232E+3
-5.450000E-1	-4.739206E+3
-5.400000E-1	-4.729341E+3
-5.350000E-1	-4.216333E+3
-5.300000E-1	-4.737562E+3
-5.250000E-1	-4.504078E+3
-5.200000E-1	-4.283748E+3
-5.150000E-1	-4.625753E+3
-5.100000E-1	-4.458039E+3
-5.050000E-1	-4.213045E+3
-5.000000E-1	-4.561627E+3
-4.950000E-1	-4.298546E+3
-4.900000E-1	-4.045331E+3
-4.850000E-1	-4.392269E+3
-4.800000E-1	-4.232776E+3
-4.750000E-1	-4.048619E+3
-4.700000E-1	-4.300190E+3
-4.650000E-1	-3.963118E+3
-4.600000E-1	-3.969695E+3
-4.550000E-1	-4.167006E+3
-4.500000E-1	-3.801981E+3
-4.450000E-1	-3.829934E+3
-4.400000E-1	-4.242641E+3
-4.350000E-1	-3.594805E+3
-4.300000E-1	-3.611248E+3
-4.250000E-1	-3.959830E+3
-4.200000E-1	-3.432024E+3
-4.150000E-1	-3.348167E+3
-4.100000E-1	-3.816780E+3
-4.050000E-1	-3.223204E+3
-4.000000E-1	-3.055490E+3
-3.950000E-1	-3.295551E+3
-3.900000E-1	-2.823650E+3
-3.850000E-1	-2.754591E+3
-3.800000E-1	-2.874622E+3
-3.750000E-1	-2.369836E+3
-3.700000E-1	-2.407653E+3
-3.650000E-1	-2.609897E+3
-3.600000E-1	-2.009744E+3
-3.550000E-1	-2.114976E+3
-3.500000E-1	-2.050850E+3
-3.450000E-1	-1.774615E+3
-3.400000E-1	-1.763106E+3
-3.350000E-1	-1.465495E+3
-3.300000E-1	-1.177751E+3
-3.250000E-1	-1.582238E+3
-3.200000E-1	-1.103759E+3
-3.150000E-1	-7.009171E+2
-3.100000E-1	-8.439672E+2
-3.050000E-1	-5.414244E+2
-3.000000E-1	-1.928424E+2
-2.950000E-1	-6.696762E+2
-2.900000E-1	-5.143650E+1
-2.850000E-1	3.530501E+2
-2.800000E-1	3.570900E+1
-2.750000E-1	5.766688E+2
-2.700000E-1	9.827997E+2
-2.650000E-1	6.309292E+2
-2.600000E-1	1.369199E+3
-2.550000E-1	1.898649E+3
-2.500000E-1	1.387286E+3
-2.450000E-1	2.222568E+3
-2.400000E-1	2.503735E+3
-2.350000E-1	2.117335E+3
-2.300000E-1	2.881914E+3
-2.250000E-1	3.090734E+3
-2.200000E-1	3.098955E+3
-2.150000E-1	3.628405E+3
-2.100000E-1	3.769811E+3
-2.050000E-1	3.970410E+3
-2.000000E-1	4.241712E+3
-1.950000E-1	4.302550E+3
-1.900000E-1	4.698815E+3
-1.850000E-1	5.621242E+3
-1.800000E-1	5.613021E+3
-1.750000E-1	5.726474E+3
-1.700000E-1	6.530515E+3
-1.650000E-1	6.538736E+3
-1.600000E-1	6.673565E+3
-1.550000E-1	6.308540E+3
-1.500000E-1	7.040234E+3
-1.450000E-1	9.100485E+3
-1.400000E-1	1.080558E+4
-1.350000E-1	8.546371E+3
-1.300000E-1	8.733816E+3
-1.250000E-1	9.483596E+3
-1.200000E-1	9.544433E+3
-1.150000E-1	1.038136E+4
-1.100000E-1	1.083517E+4
-1.050000E-1	1.080064E+4
-1.000000E-1	1.145012E+4
-9.500000E-2	1.211440E+4
-9.000000E-2	1.229198E+4
-8.500000E-2	1.299408E+4
-8.000000E-2	1.361561E+4
-7.500000E-2	1.361561E+4
-7.000000E-2	1.433908E+4
-6.500000E-2	1.489155E+4
-6.000000E-2	1.507242E+4
-5.500000E-2	1.568079E+4
-5.000000E-2	1.637796E+4
-4.500000E-2	1.648319E+4
-4.000000E-2	1.725434E+4
-3.500000E-2	1.774269E+4
-3.000000E-2	1.777886E+4
-2.500000E-2	1.879008E+4
-2.000000E-2	1.936392E+4
-1.500000E-2	1.928664E+4
-1.000000E-2	2.022222E+4
-5.000000E-3	2.083553E+4
-4.181204E-14	2.110519E+4
5.000000E-3	2.190758E+4
1.000000E-2	2.228247E+4
1.500000E-2	2.270340E+4
2.000000E-2	2.361268E+4
2.500000E-2	2.390371E+4
3.000000E-2	2.434272E+4
3.500000E-2	2.500536E+4
4.000000E-2	2.542629E+4
4.500000E-2	2.599191E+4
5.000000E-2	2.667428E+4
5.500000E-2	2.688803E+4
6.000000E-2	2.786307E+4
6.500000E-2	2.875919E+4
7.000000E-2	2.867040E+4
7.500000E-2	2.938730E+4
8.000000E-2	3.025711E+4
8.500000E-2	3.037714E+4
9.000000E-2	3.094934E+4
9.500000E-2	3.197700E+4
1.000000E-1	3.213978E+4
1.050000E-1	3.276460E+4
1.100000E-1	3.345683E+4
1.150000E-1	3.371169E+4
1.200000E-1	3.431842E+4
1.250000E-1	3.506162E+4
1.300000E-1	3.519974E+4
1.350000E-1	3.595774E+4
1.400000E-1	3.672232E+4
1.450000E-1	3.677329E+4
1.500000E-1	3.772038E+4
1.550000E-1	3.827449E+4
1.600000E-1	3.855402E+4
1.650000E-1	3.941890E+4
1.700000E-1	3.996808E+4
1.750000E-1	4.019827E+4
1.800000E-1	4.103191E+4
1.850000E-1	4.140844E+4
1.900000E-1	4.184417E+4
1.950000E-1	4.280606E+4
2.000000E-1	4.320726E+4
2.050000E-1	4.356077E+4
2.100000E-1	4.452431E+4
2.150000E-1	4.467229E+4
2.200000E-1	4.504225E+4
2.250000E-1	4.593836E+4
2.300000E-1	4.625406E+4
2.350000E-1	4.684599E+4
2.400000E-1	4.750369E+4
2.450000E-1	4.777171E+4
2.500000E-1	4.831267E+4
2.550000E-1	4.885527E+4
2.600000E-1	4.900161E+4
2.650000E-1	4.991088E+4
2.700000E-1	5.056859E+4
2.750000E-1	5.045678E+4
2.800000E-1	5.117860E+4
2.850000E-1	5.192016E+4
2.900000E-1	5.192838E+4
2.950000E-1	5.266830E+4
3.000000E-1	5.315829E+4
3.050000E-1	5.333751E+4
3.100000E-1	5.401165E+4
3.150000E-1	5.444081E+4
3.200000E-1	5.469566E+4
3.250000E-1	5.534515E+4
3.300000E-1	5.578087E+4
3.350000E-1	5.586309E+4
3.400000E-1	5.666548E+4
3.450000E-1	5.709463E+4
3.500000E-1	5.732483E+4
3.550000E-1	5.792991E+4
3.600000E-1	5.821108E+4
3.650000E-1	5.838702E+4
3.700000E-1	5.928807E+4
3.750000E-1	5.944592E+4
3.800000E-1	5.962843E+4
3.850000E-1	6.034697E+4
3.900000E-1	6.044727E+4
3.950000E-1	6.081065E+4
4.000000E-1	6.151110E+4
4.050000E-1	6.168539E+4
4.100000E-1	6.201095E+4
4.150000E-1	6.266537E+4
4.200000E-1	6.263906E+4
4.250000E-1	6.326716E+4
4.300000E-1	6.356313E+4
4.350000E-1	6.356477E+4
4.400000E-1	6.409094E+4
4.450000E-1	6.452337E+4
4.500000E-1	6.478810E+4
4.550000E-1	6.520903E+4
4.600000E-1	6.559378E+4
4.650000E-1	6.549020E+4
4.700000E-1	6.623340E+4
4.750000E-1	6.666255E+4
4.800000E-1	6.666419E+4
4.850000E-1	6.719200E+4
4.900000E-1	6.772638E+4
4.950000E-1	6.754387E+4
5.000000E-1	6.819499E+4
5.050000E-1	6.877048E+4
5.100000E-1	7.029800E+4
5.150000E-1	7.046735E+4
5.200000E-1	6.853864E+4
5.250000E-1	6.900397E+4
5.300000E-1	6.992475E+4
5.350000E-1	7.003163E+4
5.400000E-1	7.033581E+4
5.450000E-1	7.103627E+4
5.500000E-1	7.110697E+4
5.550000E-1	7.128455E+4
5.600000E-1	7.202118E+4
5.650000E-1	7.190443E+4
5.700000E-1	7.220204E+4
5.750000E-1	7.275780E+4
5.800000E-1	7.298471E+4
5.850000E-1	7.325108E+4
5.900000E-1	7.372133E+4
5.950000E-1	7.363912E+4
6.000000E-1	7.409294E+4
6.050000E-1	7.461088E+4
6.100000E-1	7.437082E+4
6.150000E-1	7.496110E+4
6.200000E-1	7.538532E+4
6.250000E-1	7.509100E+4
6.300000E-1	7.564840E+4
6.350000E-1	7.593121E+4
6.400000E-1	7.589668E+4
6.450000E-1	7.653959E+4
6.500000E-1	7.686679E+4
6.550000E-1	7.672374E+4
6.600000E-1	7.734363E+4
6.650000E-1	7.753272E+4
6.700000E-1	7.761493E+4
6.750000E-1	7.824632E+4
6.800000E-1	7.845679E+4
6.850000E-1	7.835484E+4
6.900000E-1	7.884976E+4
6.950000E-1	7.929700E+4
7.000000E-1	7.921314E+4
7.050000E-1	7.973273E+4
7.100000E-1	7.991195E+4
7.150000E-1	8.002705E+4
7.200000E-1	8.050553E+4
7.250000E-1	8.076039E+4
7.300000E-1	8.114350E+4
7.350000E-1	8.298178E+4
7.400000E-1	8.255591E+4
7.450000E-1	8.198207E+4
7.500000E-1	8.208072E+4
7.550000E-1	8.220240E+4
7.600000E-1	8.205935E+4
7.650000E-1	8.276145E+4
7.700000E-1	8.262662E+4
7.750000E-1	8.320375E+4
7.800000E-1	8.349643E+4
7.850000E-1	8.333858E+4
7.900000E-1	8.379239E+4
7.950000E-1	8.389434E+4
8.000000E-1	8.444845E+4
8.050000E-1	8.444681E+4
8.100000E-1	8.433993E+4
8.150000E-1	8.438268E+4
8.200000E-1	8.539061E+4
8.250000E-1	8.557148E+4
8.300000E-1	8.548104E+4
8.350000E-1	8.584114E+4
8.400000E-1	8.602694E+4
8.450000E-1	8.626535E+4
8.500000E-1	8.678987E+4
8.550000E-1	8.702171E+4
8.600000E-1	8.707433E+4
8.650000E-1	8.754294E+4
8.700000E-1	8.768599E+4
8.750000E-1	8.778464E+4
8.800000E-1	8.826970E+4
8.850000E-1	8.829930E+4
8.900000E-1	8.840124E+4
8.950000E-1	8.900797E+4
9.000000E-1	8.892905E+4
9.050000E-1	8.903592E+4
9.100000E-1	8.964923E+4
9.150000E-1	8.958839E+4
9.200000E-1	8.992053E+4
9.250000E-1	9.036284E+4
9.300000E-1	9.014579E+4
9.350000E-1	9.041710E+4
9.400000E-1	9.096134E+4
9.450000E-1	9.082652E+4
9.500000E-1	9.120305E+4
9.550000E-1	9.142174E+4
9.600000E-1	9.125895E+4
9.650000E-1	9.179005E+4
9.700000E-1	9.219947E+4
9.750000E-1	9.199558E+4
9.800000E-1	9.259244E+4
9.850000E-1	9.276509E+4
9.900000E-1	9.263355E+4
9.950000E-1	9.320082E+4
1.000000E+0	9.343759E+4
1.005000E+0	9.335373E+4
1.010000E+0	9.392429E+4
1.015000E+0	9.402459E+4
1.020000E+0	9.404103E+4
1.025000E+0	9.476450E+4
1.030000E+0	9.474642E+4
1.035000E+0	9.469380E+4
1.040000E+0	9.524956E+4
1.045000E+0	9.524792E+4
1.050000E+0	9.536466E+4
1.055000E+0	9.576750E+4
1.060000E+0	9.582012E+4
1.065000E+0	9.619007E+4
1.070000E+0	9.669157E+4
1.075000E+0	9.634463E+4
1.080000E+0	9.668993E+4
1.085000E+0	9.730652E+4
1.090000E+0	9.710921E+4
1.095000E+0	9.730817E+4
1.100000E+0	9.794614E+4
1.105000E+0	9.776691E+4
1.110000E+0	9.810563E+4
1.115000E+0	9.825361E+4
1.120000E+0	9.832267E+4
1.125000E+0	9.870743E+4
1.130000E+0	9.904450E+4
1.135000E+0	9.891954E+4
1.140000E+0	9.924674E+4
1.145000E+0	9.986005E+4
1.150000E+0	9.957724E+4
1.155000E+0	1.001231E+5
1.160000E+0	1.003763E+5
1.165000E+0	1.001971E+5
1.170000E+0	1.007595E+5
1.175000E+0	1.009584E+5
1.180000E+0	1.008071E+5
1.185000E+0	1.014484E+5
1.190000E+0	1.014270E+5
1.195000E+0	1.015175E+5
1.200000E+0	1.022278E+5
1.205000E+0	1.021554E+5
1.210000E+0	1.020897E+5
1.215000E+0	1.027227E+5
1.220000E+0	1.027638E+5
1.225000E+0	1.026767E+5
1.230000E+0	1.032817E+5
1.235000E+0	1.034133E+5
1.240000E+0	1.036402E+5
1.245000E+0	1.040167E+5
1.250000E+0	1.040611E+5
1.255000E+0	1.043160E+5
1.260000E+0	1.045758E+5
1.265000E+0	1.046432E+5
1.270000E+0	1.049967E+5
1.275000E+0	1.053404E+5
1.280000E+0	1.052170E+5
1.285000E+0	1.055821E+5
1.290000E+0	1.059257E+5
1.295000E+0	1.056166E+5
1.300000E+0	1.060375E+5
1.305000E+0	1.064108E+5
1.310000E+0	1.063022E+5
1.315000E+0	1.066656E+5
1.320000E+0	1.069945E+5
1.325000E+0	1.068777E+5
1.330000E+0	1.072740E+5
1.335000E+0	1.075469E+5
1.340000E+0	1.076555E+5
1.345000E+0	1.082046E+5
1.350000E+0	1.081849E+5
1.355000E+0	1.081438E+5
1.360000E+0	1.087620E+5
1.365000E+0	1.088377E+5
1.370000E+0	1.085368E+5
1.375000E+0	1.093260E+5
1.380000E+0	1.094559E+5
1.385000E+0	1.095102E+5
1.390000E+0	1.099344E+5
1.395000E+0	1.099969E+5
1.400000E+0	1.101827E+5
1.405000E+0	1.106644E+5
1.410000E+0	1.104375E+5
1.415000E+0	1.107088E+5
1.420000E+0	1.111232E+5
1.425000E+0	1.108979E+5
1.430000E+0	1.112630E+5
1.435000E+0	1.118088E+5
1.440000E+0	1.115540E+5
1.445000E+0	1.119157E+5
1.450000E+0	1.123136E+5
1.455000E+0	1.121804E+5
1.460000E+0	1.125175E+5
1.465000E+0	1.127987E+5
1.470000E+0	1.127461E+5
1.475000E+0	1.132821E+5
1.480000E+0	1.133594E+5
1.485000E+0	1.131506E+5
1.490000E+0	1.139957E+5
1.495000E+0	1.141486E+5
1.500000E+0	1.138181E+5
1.505000E+0	1.146090E+5
1.510000E+0	1.146863E+5
1.515000E+0	1.145728E+5
1.520000E+0	1.150036E+5
1.525000E+0	1.151763E+5
1.530000E+0	1.152223E+5
1.535000E+0	1.156893E+5
1.540000E+0	1.159030E+5
1.545000E+0	1.157781E+5
1.550000E+0	1.163174E+5
1.555000E+0	1.163355E+5
1.560000E+0	1.165246E+5
1.565000E+0	1.169504E+5
1.570000E+0	1.169077E+5
1.575000E+0	1.170672E+5
1.580000E+0	1.174042E+5
1.585000E+0	1.174240E+5
1.590000E+0	1.176608E+5
1.595000E+0	1.180833E+5
1.600000E+0	1.179912E+5
1.605000E+0	1.182642E+5
1.610000E+0	1.184549E+5
1.615000E+0	1.181376E+5
1.620000E+0	1.185881E+5
1.625000E+0	1.193214E+5
1.630000E+0	1.186407E+5
1.635000E+0	1.192606E+5
1.640000E+0	1.198361E+5
1.645000E+0	1.194744E+5
1.650000E+0	1.201403E+5
1.655000E+0	1.202850E+5
1.660000E+0	1.199397E+5
1.665000E+0	1.206615E+5
1.670000E+0	1.207240E+5
1.675000E+0	1.207766E+5
1.680000E+0	1.214738E+5
1.685000E+0	1.213077E+5
1.690000E+0	1.214524E+5
1.695000E+0	1.220575E+5
1.700000E+0	1.217451E+5
1.705000E+0	1.218717E+5
1.710000E+0	1.225245E+5
1.715000E+0	1.223584E+5
1.720000E+0	1.224718E+5
1.725000E+0	1.234617E+5
1.730000E+0	1.232907E+5
1.735000E+0	1.234567E+5
1.740000E+0	1.236573E+5
1.745000E+0	1.235587E+5
1.750000E+0	1.237790E+5
1.755000E+0	1.241786E+5
1.760000E+0	1.241654E+5
1.765000E+0	1.241769E+5
1.770000E+0	1.249004E+5
1.775000E+0	1.241769E+5
1.780000E+0	1.249152E+5
1.785000E+0	1.251076E+5
1.790000E+0	1.249004E+5
1.795000E+0	1.253016E+5
1.800000E+0	1.257965E+5
1.805000E+0	1.254907E+5
1.810000E+0	1.260317E+5
1.815000E+0	1.260793E+5
1.820000E+0	1.261977E+5
1.825000E+0	1.266729E+5
1.830000E+0	1.267485E+5
1.835000E+0	1.263589E+5
1.840000E+0	1.274934E+5
1.845000E+0	1.273372E+5
1.850000E+0	1.271300E+5
1.855000E+0	1.278601E+5
1.860000E+0	1.276628E+5
1.865000E+0	1.278173E+5
1.870000E+0	1.283040E+5
1.875000E+0	1.281314E+5
1.880000E+0	1.284980E+5
1.885000E+0	1.288154E+5
1.890000E+0	1.286542E+5
1.895000E+0	1.290801E+5
1.900000E+0	1.291212E+5
1.905000E+0	1.291245E+5
1.910000E+0	1.294764E+5
1.915000E+0	1.298200E+5
1.920000E+0	1.270889E+5
1.925000E+0	1.296276E+5
1.930000E+0	1.304580E+5
1.935000E+0	1.301637E+5
1.940000E+0	1.307951E+5
1.945000E+0	1.309167E+5
1.950000E+0	1.308378E+5
1.955000E+0	1.314117E+5
1.960000E+0	1.313508E+5
1.965000E+0	1.313985E+5
1.970000E+0	1.319723E+5
1.975000E+0	1.317520E+5
1.980000E+0	1.319148E+5
1.985000E+0	1.325561E+5
1.990000E+0	1.324442E+5
1.995000E+0	1.324410E+5
2.000000E+0	1.329622E+5
2.005000E+0	1.328783E+5
2.010000E+0	1.329671E+5
2.015000E+0	1.333683E+5
2.020000E+0	1.333009E+5
2.025000E+0	1.335607E+5
2.030000E+0	1.340211E+5
2.035000E+0	1.337761E+5
2.040000E+0	1.340293E+5
2.045000E+0	1.344256E+5
2.050000E+0	1.341625E+5
2.055000E+0	1.344469E+5
2.060000E+0	1.350487E+5
2.065000E+0	1.349123E+5
2.070000E+0	1.349468E+5
2.075000E+0	1.354812E+5
2.080000E+0	1.353694E+5
2.085000E+0	1.355502E+5
2.090000E+0	1.357952E+5
2.095000E+0	1.358183E+5
2.100000E+0	1.361652E+5
2.105000E+0	1.363641E+5
2.110000E+0	1.361685E+5
2.115000E+0	1.365647E+5
2.120000E+0	1.368114E+5
2.125000E+0	1.364940E+5
2.130000E+0	1.371567E+5
2.135000E+0	1.372438E+5
2.140000E+0	1.372274E+5
2.145000E+0	1.377766E+5
2.150000E+0	1.377371E+5
2.155000E+0	1.379196E+5
2.160000E+0	1.383537E+5
2.165000E+0	1.381843E+5
2.170000E+0	1.382912E+5
2.175000E+0	1.387335E+5
2.180000E+0	1.386776E+5
2.185000E+0	1.389341E+5
2.190000E+0	1.395524E+5
2.195000E+0	1.393074E+5
2.200000E+0	1.393304E+5
2.205000E+0	1.398056E+5
2.210000E+0	1.397447E+5
2.215000E+0	1.399223E+5
2.220000E+0	1.403087E+5
2.225000E+0	1.401591E+5
2.230000E+0	1.404896E+5
2.235000E+0	1.407938E+5
2.240000E+0	1.405833E+5
2.245000E+0	1.411539E+5
2.250000E+0	1.412640E+5
2.255000E+0	1.408661E+5
2.260000E+0	1.415567E+5
2.265000E+0	1.417458E+5
2.270000E+0	1.414301E+5
2.275000E+0	1.420204E+5
2.280000E+0	1.420714E+5
2.285000E+0	1.420368E+5
2.290000E+0	1.425745E+5
2.295000E+0	1.426797E+5
2.300000E+0	1.425153E+5
2.305000E+0	1.431615E+5
2.310000E+0	1.430332E+5
2.315000E+0	1.430711E+5
2.320000E+0	1.437584E+5
2.325000E+0	1.436926E+5
2.330000E+0	1.436794E+5
2.335000E+0	1.443322E+5
2.340000E+0	1.439442E+5
2.345000E+0	1.440609E+5
2.350000E+0	1.444868E+5
2.355000E+0	1.445361E+5
2.360000E+0	1.446611E+5
2.365000E+0	1.448255E+5
2.370000E+0	1.449028E+5
2.375000E+0	1.452053E+5
2.380000E+0	1.454404E+5
2.385000E+0	1.451823E+5
2.390000E+0	1.457907E+5
2.395000E+0	1.459551E+5
2.400000E+0	1.456953E+5
2.405000E+0	1.462313E+5
2.410000E+0	1.465289E+5
2.415000E+0	1.462363E+5
2.420000E+0	1.466227E+5
2.425000E+0	1.467377E+5
2.430000E+0	1.465388E+5
2.435000E+0	1.470518E+5
2.440000E+0	1.471192E+5
2.445000E+0	1.470354E+5
2.450000E+0	1.475878E+5
2.455000E+0	1.475549E+5
2.460000E+0	1.476191E+5
2.465000E+0	1.480236E+5
2.470000E+0	1.480597E+5
2.475000E+0	1.480630E+5
2.480000E+0	1.486582E+5
2.485000E+0	1.485727E+5
2.490000E+0	1.485103E+5
2.495000E+0	1.490594E+5
2.500000E+0	1.489970E+5
2.505000E+0	1.488835E+5
2.510000E+0	1.493801E+5
2.515000E+0	1.493702E+5
2.520000E+0	1.495544E+5
2.525000E+0	1.498684E+5
2.530000E+0	1.496251E+5
2.535000E+0	1.499342E+5
2.540000E+0	1.503699E+5
2.545000E+0	1.500674E+5
2.550000E+0	1.505491E+5
2.555000E+0	1.509109E+5
2.560000E+0	1.504719E+5
2.565000E+0	1.508648E+5
2.570000E+0	1.513400E+5
2.575000E+0	1.510983E+5
2.580000E+0	1.512282E+5
2.585000E+0	1.516705E+5
2.590000E+0	1.515390E+5
2.595000E+0	1.521128E+5
2.600000E+0	1.521539E+5
2.605000E+0	1.520964E+5
2.610000E+0	1.524252E+5
2.615000E+0	1.523759E+5
2.620000E+0	1.522575E+5
2.625000E+0	1.528758E+5
2.630000E+0	1.528988E+5
2.635000E+0	1.526669E+5
2.640000E+0	1.532852E+5
2.645000E+0	1.533296E+5
2.650000E+0	1.532358E+5
2.655000E+0	1.535926E+5
2.660000E+0	1.537324E+5
2.665000E+0	1.536403E+5
2.670000E+0	1.540744E+5
2.675000E+0	1.539577E+5
2.680000E+0	1.542240E+5
2.685000E+0	1.546335E+5
2.690000E+0	1.544098E+5
2.695000E+0	1.544411E+5
2.700000E+0	1.549886E+5
2.705000E+0	1.547634E+5
2.710000E+0	1.549278E+5
2.715000E+0	1.551415E+5
2.720000E+0	1.550807E+5
2.725000E+0	1.554128E+5
2.730000E+0	1.556266E+5
2.735000E+0	1.553487E+5
2.740000E+0	1.556759E+5
2.745000E+0	1.559078E+5
2.750000E+0	1.557335E+5
2.755000E+0	1.563188E+5
2.760000E+0	1.561906E+5
2.765000E+0	1.564586E+5
2.770000E+0	1.570078E+5
2.775000E+0	1.571294E+5
2.780000E+0	1.566033E+5
2.785000E+0	1.572199E+5
2.790000E+0	1.573251E+5
2.795000E+0	1.571146E+5
2.800000E+0	1.575389E+5
2.805000E+0	1.576770E+5
2.810000E+0	1.576375E+5
2.815000E+0	1.580913E+5
2.820000E+0	1.581390E+5
2.825000E+0	1.580831E+5
2.830000E+0	1.583363E+5
2.835000E+0	1.587260E+5
2.840000E+0	1.586306E+5
2.845000E+0	1.588428E+5
2.850000E+0	1.594824E+5
2.855000E+0	1.591552E+5
2.860000E+0	1.593163E+5
2.865000E+0	1.590072E+5
2.870000E+0	1.590927E+5
2.875000E+0	1.597602E+5
2.880000E+0	1.595235E+5
2.885000E+0	1.596106E+5
2.890000E+0	1.601499E+5
2.895000E+0	1.598655E+5
2.900000E+0	1.600957E+5
2.905000E+0	1.604048E+5
2.910000E+0	1.600332E+5
2.915000E+0	1.606580E+5
2.920000E+0	1.611776E+5
2.925000E+0	1.605413E+5
2.930000E+0	1.611431E+5
2.935000E+0	1.611644E+5
2.940000E+0	1.608487E+5
2.945000E+0	1.614045E+5
2.950000E+0	1.616709E+5
2.955000E+0	1.614620E+5
2.960000E+0	1.617991E+5
2.965000E+0	1.618813E+5
2.970000E+0	1.617679E+5
2.975000E+0	1.622316E+5
2.980000E+0	1.622924E+5
2.985000E+0	1.624026E+5
2.990000E+0	1.630372E+5
2.995000E+0	1.624930E+5
3.000000E+0	1.626854E+5
3.005000E+0	1.631622E+5
3.010000E+0	1.629813E+5
3.015000E+0	1.629994E+5
3.020000E+0	1.627775E+5
3.025000E+0	1.622891E+5
3.030000E+0	1.628893E+5
3.035000E+0	1.632855E+5
3.040000E+0	1.634467E+5
3.045000E+0	1.638840E+5
3.050000E+0	1.639169E+5
3.055000E+0	1.637673E+5
3.060000E+0	1.641093E+5
3.065000E+0	1.643066E+5
3.070000E+0	1.639876E+5
3.075000E+0	1.645532E+5
3.080000E+0	1.648311E+5
3.085000E+0	1.645105E+5
3.090000E+0	1.650383E+5
3.095000E+0	1.651994E+5
3.100000E+0	1.649988E+5
3.105000E+0	1.653228E+5
3.110000E+0	1.651057E+5
3.115000E+0	1.650186E+5
3.120000E+0	1.657799E+5
3.125000E+0	1.668453E+5
3.130000E+0	1.656976E+5
3.135000E+0	1.665477E+5
3.140000E+0	1.663110E+5
3.145000E+0	1.663537E+5
3.150000E+0	1.669341E+5
3.155000E+0	1.665543E+5
3.160000E+0	1.664606E+5
3.165000E+0	1.670525E+5
3.170000E+0	1.666530E+5
3.175000E+0	1.668897E+5
3.180000E+0	1.675178E+5
3.185000E+0	1.671479E+5
3.190000E+0	1.676017E+5
3.195000E+0	1.674685E+5
3.200000E+0	1.673797E+5
3.205000E+0	1.675737E+5
3.210000E+0	1.682002E+5
3.215000E+0	1.678796E+5
3.220000E+0	1.680160E+5
3.225000E+0	1.686014E+5
3.230000E+0	1.681344E+5
3.235000E+0	1.680588E+5
3.240000E+0	1.686080E+5
3.245000E+0	1.683794E+5
3.250000E+0	1.686853E+5
3.255000E+0	1.688891E+5
3.260000E+0	1.686655E+5
3.265000E+0	1.688793E+5
3.270000E+0	1.689714E+5
3.275000E+0	1.688891E+5
3.280000E+0	1.691424E+5
3.285000E+0	1.693578E+5
3.290000E+0	1.691966E+5
3.295000E+0	1.697721E+5
3.300000E+0	1.700105E+5
3.305000E+0	1.693578E+5
3.310000E+0	1.700040E+5
3.315000E+0	1.701898E+5
3.320000E+0	1.699069E+5
3.325000E+0	1.703196E+5
3.330000E+0	1.702193E+5
3.335000E+0	1.702950E+5
3.340000E+0	1.710481E+5
3.345000E+0	1.707932E+5
3.350000E+0	1.708359E+5
3.355000E+0	1.711664E+5
3.360000E+0	1.707093E+5
3.365000E+0	1.707981E+5
3.370000E+0	1.715676E+5
3.375000E+0	1.714377E+5
3.380000E+0	1.713703E+5
3.385000E+0	1.718669E+5
3.390000E+0	1.718061E+5
3.395000E+0	1.718488E+5
3.400000E+0	1.720445E+5
3.405000E+0	1.721185E+5
3.410000E+0	1.723618E+5
3.415000E+0	1.725229E+5
3.420000E+0	1.721365E+5
3.425000E+0	1.726972E+5
3.430000E+0	1.728436E+5
3.435000E+0	1.723684E+5
3.440000E+0	1.727778E+5
3.445000E+0	1.731691E+5
3.450000E+0	1.729143E+5
3.455000E+0	1.731017E+5
3.460000E+0	1.735111E+5
3.465000E+0	1.734289E+5
3.470000E+0	1.733829E+5
3.475000E+0	1.737019E+5
3.480000E+0	1.738088E+5
3.485000E+0	1.741261E+5
3.490000E+0	1.737956E+5
3.495000E+0	1.740373E+5
3.500000E+0	1.743020E+5
3.505000E+0	1.742955E+5
3.510000E+0	1.743596E+5
3.515000E+0	1.747131E+5
3.520000E+0	1.746769E+5
3.525000E+0	1.746720E+5
3.530000E+0	1.751768E+5
3.535000E+0	1.750485E+5
3.540000E+0	1.747082E+5
3.545000E+0	1.750781E+5
3.550000E+0	1.753428E+5
3.555000E+0	1.754793E+5
3.560000E+0	1.757013E+5
3.565000E+0	1.755615E+5
3.570000E+0	1.757786E+5
3.575000E+0	1.761814E+5
3.580000E+0	1.757029E+5
3.585000E+0	1.761008E+5
3.590000E+0	1.763261E+5
3.595000E+0	1.760285E+5
3.600000E+0	1.762817E+5
3.605000E+0	1.766895E+5
3.610000E+0	1.763031E+5
3.615000E+0	1.766106E+5
3.620000E+0	1.770052E+5
3.625000E+0	1.767536E+5
3.630000E+0	1.769526E+5
3.635000E+0	1.770496E+5
3.640000E+0	1.769296E+5
3.645000E+0	1.773669E+5
3.650000E+0	1.771943E+5
3.655000E+0	1.770825E+5
3.660000E+0	1.778339E+5
3.665000E+0	1.776234E+5
3.670000E+0	1.773669E+5
3.675000E+0	1.780772E+5
3.680000E+0	1.781299E+5
3.685000E+0	1.778882E+5
3.690000E+0	1.784571E+5
3.695000E+0	1.783305E+5
3.700000E+0	1.782219E+5
3.705000E+0	1.785935E+5
3.710000E+0	1.786610E+5
3.715000E+0	1.787382E+5
3.720000E+0	1.791345E+5
3.725000E+0	1.786248E+5
3.730000E+0	1.790654E+5
3.735000E+0	1.794749E+5
3.740000E+0	1.788550E+5
3.745000E+0	1.792381E+5
3.750000E+0	1.795834E+5
3.755000E+0	1.795291E+5
3.760000E+0	1.795110E+5
3.765000E+0	1.802312E+5
3.770000E+0	1.797708E+5
3.775000E+0	1.797001E+5
3.780000E+0	1.800487E+5
3.785000E+0	1.798547E+5
3.790000E+0	1.802427E+5
3.795000E+0	1.804285E+5
3.800000E+0	1.803595E+5
3.805000E+0	1.806176E+5
3.810000E+0	1.806225E+5
3.815000E+0	1.804302E+5
3.820000E+0	1.810385E+5
3.825000E+0	1.810961E+5
3.830000E+0	1.806637E+5
3.835000E+0	1.811684E+5
3.840000E+0	1.813855E+5
3.845000E+0	1.809646E+5
3.850000E+0	1.815466E+5
3.855000E+0	1.816601E+5
3.860000E+0	1.814924E+5
3.865000E+0	1.819511E+5
3.870000E+0	1.819264E+5
3.875000E+0	1.818097E+5
3.880000E+0	1.822125E+5
3.885000E+0	1.821057E+5
3.890000E+0	1.820580E+5
3.895000E+0	1.821862E+5
3.900000E+0	1.821681E+5
3.905000E+0	1.823868E+5
3.910000E+0	1.828702E+5
3.915000E+0	1.825348E+5
3.920000E+0	1.827617E+5
3.925000E+0	1.832040E+5
3.930000E+0	1.829015E+5
3.935000E+0	1.828670E+5
3.940000E+0	1.833306E+5
3.945000E+0	1.830906E+5
3.950000E+0	1.834490E+5
3.955000E+0	1.834720E+5
3.960000E+0	1.834474E+5
3.965000E+0	1.837022E+5
3.970000E+0	1.840377E+5
3.975000E+0	1.836430E+5
3.980000E+0	1.840952E+5
3.985000E+0	1.841314E+5
3.990000E+0	1.838338E+5
3.995000E+0	1.844027E+5
4.000000E+0	1.845244E+5
4.005000E+0	1.844060E+5
4.010000E+0	1.854747E+5
4.015000E+0	1.850209E+5
4.020000E+0	1.845260E+5
4.025000E+0	1.847809E+5
4.030000E+0	1.848647E+5
4.035000E+0	1.852067E+5
4.040000E+0	1.853284E+5
4.045000E+0	1.851673E+5
4.050000E+0	1.855323E+5
4.055000E+0	1.862591E+5
4.060000E+0	1.854912E+5
4.065000E+0	1.856309E+5
4.070000E+0	1.861851E+5
4.075000E+0	1.857855E+5
4.080000E+0	1.858875E+5
4.085000E+0	1.864843E+5
4.090000E+0	1.861472E+5
4.095000E+0	1.862360E+5
4.100000E+0	1.864761E+5
4.105000E+0	1.863150E+5
4.110000E+0	1.866307E+5
4.115000E+0	1.868921E+5
4.120000E+0	1.867096E+5
4.125000E+0	1.869743E+5
4.130000E+0	1.870499E+5
4.135000E+0	1.867852E+5
4.140000E+0	1.874824E+5
4.145000E+0	1.874774E+5
4.150000E+0	1.870269E+5
4.155000E+0	1.874626E+5
4.160000E+0	1.877701E+5
4.165000E+0	1.874610E+5
4.170000E+0	1.878869E+5
4.175000E+0	1.880513E+5
4.180000E+0	1.879280E+5
4.185000E+0	1.882322E+5
4.190000E+0	1.881154E+5
4.195000E+0	1.881187E+5
4.200000E+0	1.884229E+5
4.205000E+0	1.882519E+5
4.210000E+0	1.883999E+5
4.215000E+0	1.889096E+5
4.220000E+0	1.885331E+5
4.225000E+0	1.886794E+5
4.230000E+0	1.890296E+5
4.235000E+0	1.887550E+5
4.240000E+0	1.890033E+5
4.245000E+0	1.892121E+5
4.250000E+0	1.890461E+5
4.255000E+0	1.892993E+5
4.260000E+0	1.893552E+5
4.265000E+0	1.890724E+5
4.270000E+0	1.895772E+5
4.275000E+0	1.894407E+5
4.280000E+0	1.893009E+5
4.285000E+0	1.899882E+5
4.290000E+0	1.900195E+5
4.295000E+0	1.897087E+5
4.300000E+0	1.902612E+5
4.305000E+0	1.901247E+5
4.310000E+0	1.899915E+5
4.315000E+0	1.904897E+5
4.320000E+0	1.903319E+5
4.325000E+0	1.902677E+5
4.330000E+0	1.905226E+5
4.335000E+0	1.907232E+5
4.340000E+0	1.906706E+5
4.345000E+0	1.909337E+5
4.350000E+0	1.907364E+5
4.355000E+0	1.909863E+5
4.360000E+0	1.913661E+5
4.365000E+0	1.909600E+5
4.370000E+0	1.912083E+5
4.375000E+0	1.915897E+5
4.380000E+0	1.912658E+5
4.385000E+0	1.914385E+5
4.390000E+0	1.918035E+5
4.395000E+0	1.914631E+5
4.400000E+0	1.917542E+5
4.405000E+0	1.920485E+5
4.410000E+0	1.917854E+5
4.415000E+0	1.920551E+5
4.420000E+0	1.920715E+5
4.425000E+0	1.919284E+5
4.430000E+0	1.923905E+5
4.435000E+0	1.922211E+5
4.440000E+0	1.921225E+5
4.445000E+0	1.929545E+5
4.450000E+0	1.928015E+5
4.455000E+0	1.925368E+5
4.460000E+0	1.929824E+5
4.465000E+0	1.930728E+5
4.470000E+0	1.928870E+5
4.475000E+0	1.933211E+5
4.480000E+0	1.933162E+5
4.485000E+0	1.931600E+5
4.490000E+0	1.935184E+5
4.495000E+0	1.933261E+5
4.500000E+0	1.936418E+5
4.505000E+0	1.938604E+5
4.510000E+0	1.935003E+5
4.515000E+0	1.939098E+5
4.520000E+0	1.941679E+5
4.525000E+0	1.937601E+5
4.530000E+0	1.940660E+5
4.535000E+0	1.944474E+5
4.540000E+0	1.939081E+5
4.545000E+0	1.943011E+5
4.550000E+0	1.945477E+5
4.555000E+0	1.942140E+5
4.560000E+0	1.947335E+5
4.565000E+0	1.948519E+5
4.570000E+0	1.947467E+5
4.575000E+0	1.952400E+5
4.580000E+0	1.944885E+5
4.585000E+0	1.948700E+5
4.590000E+0	1.959536E+5
4.595000E+0	1.954356E+5
4.600000E+0	1.950246E+5
4.605000E+0	1.955343E+5
4.610000E+0	1.954208E+5
4.615000E+0	1.953863E+5
4.620000E+0	1.959174E+5
4.625000E+0	1.956379E+5
4.630000E+0	1.955836E+5
4.635000E+0	1.959059E+5
4.640000E+0	1.959404E+5
4.645000E+0	1.961509E+5
4.650000E+0	1.961756E+5
4.655000E+0	1.959338E+5
4.660000E+0	1.963630E+5
4.665000E+0	1.964255E+5
4.670000E+0	1.959470E+5
4.675000E+0	1.964288E+5
4.680000E+0	1.968727E+5
4.685000E+0	1.962676E+5
4.690000E+0	1.966721E+5
4.695000E+0	1.970536E+5
4.700000E+0	1.966031E+5
4.705000E+0	1.969105E+5
4.710000E+0	1.971391E+5
4.715000E+0	1.968267E+5
4.720000E+0	1.971588E+5
4.725000E+0	1.971506E+5
4.730000E+0	1.969549E+5
4.735000E+0	1.976340E+5
4.740000E+0	1.973463E+5
4.745000E+0	1.972525E+5
4.750000E+0	1.977080E+5
4.755000E+0	1.976225E+5
4.760000E+0	1.976636E+5
4.765000E+0	1.979826E+5
4.770000E+0	1.979004E+5
4.775000E+0	1.979892E+5
4.780000E+0	1.981717E+5
4.785000E+0	1.981487E+5
4.790000E+0	1.982259E+5
4.795000E+0	1.983542E+5
4.800000E+0	1.980812E+5
4.805000E+0	1.983739E+5
4.810000E+0	1.986748E+5
4.815000E+0	1.982177E+5
4.820000E+0	1.987241E+5
4.825000E+0	1.989017E+5
4.830000E+0	1.985696E+5
4.835000E+0	1.990366E+5
4.840000E+0	1.992404E+5
4.845000E+0	1.987192E+5
4.850000E+0	1.991780E+5
4.855000E+0	1.993983E+5
4.860000E+0	1.991418E+5
4.865000E+0	1.994180E+5
4.870000E+0	1.994262E+5
4.875000E+0	1.992766E+5
4.880000E+0	1.998011E+5
4.885000E+0	1.995841E+5
4.890000E+0	1.994410E+5
4.895000E+0	2.001431E+5
4.900000E+0	1.999113E+5
4.905000E+0	1.997699E+5
4.910000E+0	2.003684E+5
4.915000E+0	2.001908E+5
4.920000E+0	2.000839E+5
4.925000E+0	2.005608E+5
4.930000E+0	2.003684E+5
4.935000E+0	2.004654E+5
4.940000E+0	2.007828E+5
4.945000E+0	2.006545E+5
4.950000E+0	2.006973E+5
4.955000E+0	2.006907E+5
4.960000E+0	2.007564E+5
4.965000E+0	2.011132E+5
4.970000E+0	2.012300E+5
4.975000E+0	2.007318E+5
4.980000E+0	2.011363E+5
4.985000E+0	1.991467E+5
4.990000E+0	2.010606E+5
4.995000E+0	2.012941E+5
5.000000E+0	2.016032E+5
