applied voltage (volts)	measured current (nanoamps)	measured temperature (deg C)
-3.000000E+0	-5.479121E+3
-2.995000E+0	-5.064769E+3
-2.990000E+0	-4.504078E+3
-2.985000E+0	-4.699744E+3
-2.980000E+0	-4.883901E+3
-2.975000E+0	-4.543540E+3
-2.970000E+0	-4.786890E+3
-2.965000E+0	-4.449818E+3
-2.960000E+0	-4.203179E+3
-2.955000E+0	-4.772091E+3
-2.950000E+0	-5.250570E+3
-2.945000E+0	-5.143693E+3
-2.940000E+0	-4.785245E+3
-2.935000E+0	-4.430086E+3
-2.930000E+0	-3.594805E+3
-2.925000E+0	-4.592868E+3
-2.920000E+0	-4.359384E+3
-2.915000E+0	-4.361028E+3
-2.910000E+0	-4.816486E+3
-2.905000E+0	-4.663571E+3
-2.900000E+0	-4.338008E+3
-2.895000E+0	-4.742495E+3
-2.890000E+0	-4.502434E+3
-2.885000E+0	-4.451462E+3
-2.880000E+0	-4.665215E+3
-2.875000E+0	-4.425154E+3
-2.870000E+0	-4.589579E+3
-2.865000E+0	-4.750716E+3
-2.860000E+0	-4.393913E+3
-2.855000E+0	-4.656994E+3
-2.850000E+0	-4.826352E+3
-2.845000E+0	-4.477770E+3
-2.840000E+0	-4.571492E+3
-2.835000E+0	-4.739206E+3
-2.830000E+0	-4.362672E+3
-2.825000E+0	-4.561627E+3
-2.820000E+0	-4.671792E+3
-2.815000E+0	-4.285392E+3
-2.810000E+0	-4.882256E+3
-2.805000E+0	-4.522165E+3
-2.800000E+0	-4.509011E+3
-2.795000E+0	-4.844439E+3
-2.790000E+0	-4.541896E+3
-2.785000E+0	-4.518876E+3
-2.780000E+0	-4.737562E+3
-2.775000E+0	-4.482703E+3
-2.770000E+0	-4.471193E+3
-2.765000E+0	-4.814842E+3
-2.760000E+0	-4.453106E+3
-2.755000E+0	-4.730985E+3
-2.750000E+0	-4.898699E+3
-2.745000E+0	-4.633974E+3
-2.740000E+0	-4.339652E+3
-2.735000E+0	-4.698100E+3
-2.730000E+0	-4.314989E+3
-2.725000E+0	-4.555050E+3
-2.720000E+0	-4.520520E+3
-2.715000E+0	-4.236064E+3
-2.710000E+0	-4.589579E+3
-2.705000E+0	-4.698100E+3
-2.700000E+0	-4.367605E+3
-2.695000E+0	-4.484347E+3
-2.690000E+0	-4.540252E+3
-2.685000E+0	-4.178516E+3
-2.680000E+0	-4.785245E+3
-2.675000E+0	-4.693167E+3
-2.670000E+0	-4.283748E+3
-2.665000E+0	-4.558338E+3
-2.660000E+0	-4.656994E+3
-2.655000E+0	-4.296902E+3
-2.650000E+0	-4.548473E+3
-2.645000E+0	-4.525453E+3
-2.640000E+0	-4.441596E+3
-2.635000E+0	-4.638907E+3
-2.630000E+0	-4.579714E+3
-2.625000E+0	-4.319921E+3
-2.620000E+0	-4.851016E+3
-2.615000E+0	-4.966113E+3
-2.610000E+0	-4.691523E+3
-2.605000E+0	-4.699744E+3
-2.600000E+0	-4.316633E+3
-2.595000E+0	-4.573137E+3
-2.590000E+0	-4.864170E+3
-2.585000E+0	-4.818131E+3
-2.580000E+0	-4.492568E+3
-2.575000E+0	-4.754005E+3
-2.570000E+0	-4.420221E+3
-2.565000E+0	-4.323210E+3
-2.560000E+0	-4.597800E+3
-2.555000E+0	-6.408125E+3
-2.550000E+0	-5.411706E+3
-2.545000E+0	-6.164775E+3
-2.540000E+0	-4.980912E+3
-2.535000E+0	-4.788534E+3
-2.530000E+0	-3.992715E+3
-2.525000E+0	-4.694811E+3
-2.520000E+0	-5.051615E+3
-2.515000E+0	-4.966113E+3
-2.510000E+0	-4.341297E+3
-2.505000E+0	-4.624109E+3
-2.500000E+0	-4.721120E+3
-2.495000E+0	-4.375826E+3
-2.490000E+0	-4.599445E+3
-2.485000E+0	-4.791822E+3
-2.480000E+0	-4.318277E+3
-2.475000E+0	-4.755649E+3
-2.470000E+0	-4.681657E+3
-2.465000E+0	-4.421865E+3
-2.460000E+0	-4.816486E+3
-2.455000E+0	-4.546829E+3
-2.450000E+0	-4.660282E+3
-2.445000E+0	-4.952959E+3
-2.440000E+0	-4.665215E+3
-2.435000E+0	-4.533675E+3
-2.430000E+0	-4.910209E+3
-2.425000E+0	-4.446529E+3
-2.420000E+0	-4.573137E+3
-2.415000E+0	-4.913497E+3
-2.410000E+0	-4.439952E+3
-2.405000E+0	-4.701388E+3
-2.400000E+0	-4.939805E+3
-2.395000E+0	-4.481058E+3
-2.390000E+0	-4.781957E+3
-2.385000E+0	-4.773736E+3
-2.380000E+0	-4.318277E+3
-2.375000E+0	-4.752360E+3
-2.370000E+0	-4.735918E+3
-2.365000E+0	-4.722764E+3
-2.360000E+0	-4.933228E+3
-2.355000E+0	-4.645484E+3
-2.350000E+0	-4.459683E+3
-2.345000E+0	-4.872391E+3
-2.340000E+0	-5.079567E+3
-2.335000E+0	-4.148919E+3
-2.330000E+0	-4.816486E+3
-2.325000E+0	-4.706321E+3
-2.320000E+0	-4.583002E+3
-2.315000E+0	-5.036816E+3
-2.310000E+0	-4.449818E+3
-2.305000E+0	-4.489280E+3
-2.300000E+0	-5.092721E+3
-2.295000E+0	-5.043393E+3
-2.290000E+0	-4.490924E+3
-2.285000E+0	-4.431731E+3
-2.280000E+0	-4.745783E+3
-2.275000E+0	-4.453106E+3
-2.270000E+0	-5.120673E+3
-2.265000E+0	-4.652061E+3
-2.260000E+0	-4.581358E+3
-2.255000E+0	-4.903632E+3
-2.250000E+0	-4.660282E+3
-2.245000E+0	-4.773736E+3
-2.240000E+0	-4.943094E+3
-2.235000E+0	-4.528742E+3
-2.230000E+0	-4.624109E+3
-2.225000E+0	-4.821419E+3
-2.220000E+0	-4.467904E+3
-2.215000E+0	-4.587935E+3
-2.210000E+0	-4.911853E+3
-2.205000E+0	-4.558338E+3
-2.200000E+0	-4.476126E+3
-2.195000E+0	-4.730985E+3
-2.190000E+0	-4.444885E+3
-2.185000E+0	-4.704677E+3
-2.180000E+0	-4.714543E+3
-2.175000E+0	-4.467904E+3
-2.170000E+0	-4.719475E+3
-2.165000E+0	-4.821419E+3
-2.160000E+0	-4.323210E+3
-2.155000E+0	-4.694811E+3
-2.150000E+0	-4.673436E+3
-2.145000E+0	-4.400490E+3
-2.140000E+0	-4.670148E+3
-2.135000E+0	-4.571492E+3
-2.130000E+0	-4.466260E+3
-2.125000E+0	-4.901988E+3
-2.120000E+0	-4.533675E+3
-2.115000E+0	-4.517232E+3
-2.110000E+0	-4.974335E+3
-2.105000E+0	-4.610954E+3
-2.100000E+0	-4.612599E+3
-2.095000E+0	-5.068057E+3
-2.090000E+0	-4.624109E+3
-2.085000E+0	-4.515588E+3
-2.080000E+0	-5.015441E+3
-2.075000E+0	-5.082856E+3
-2.070000E+0	-4.528742E+3
-2.065000E+0	-4.365961E+3
-2.060000E+0	-4.754005E+3
-2.055000E+0	-4.545184E+3
-2.050000E+0	-4.584646E+3
-2.045000E+0	-4.410355E+3
-2.040000E+0	-4.573137E+3
-2.035000E+0	-4.783601E+3
-2.030000E+0	-4.533675E+3
-2.025000E+0	-4.783601E+3
-2.020000E+0	-4.760582E+3
-2.015000E+0	-4.481058E+3
-2.010000E+0	-4.650417E+3
-2.005000E+0	-4.602733E+3
-2.000000E+0	-4.587935E+3
-1.995000E+0	-4.920074E+3
-1.990000E+0	-4.836217E+3
-1.985000E+0	-9.500968E+3
-1.980000E+0	-6.538021E+3
-1.975000E+0	-5.102587E+3
-1.970000E+0	-4.541896E+3
-1.965000E+0	-4.972690E+3
-1.960000E+0	-4.614243E+3
-1.955000E+0	-4.556694E+3
-1.950000E+0	-4.949671E+3
-1.945000E+0	-4.502434E+3
-1.940000E+0	-4.732629E+3
-1.935000E+0	-4.872391E+3
-1.930000E+0	-4.331431E+3
-1.925000E+0	-4.543540E+3
-1.920000E+0	-4.855948E+3
-1.915000E+0	-4.948027E+3
-1.910000E+0	-4.453106E+3
-1.905000E+0	-4.619176E+3
-1.900000E+0	-4.592868E+3
-1.895000E+0	-4.392269E+3
-1.890000E+0	-4.852660E+3
-1.885000E+0	-4.681657E+3
-1.880000E+0	-4.721120E+3
-1.875000E+0	-4.862525E+3
-1.870000E+0	-4.458039E+3
-1.865000E+0	-4.671792E+3
-1.860000E+0	-4.706321E+3
-1.855000E+0	-4.489280E+3
-1.850000E+0	-4.818131E+3
-1.845000E+0	-4.566560E+3
-1.840000E+0	-4.316633E+3
-1.835000E+0	-4.729341E+3
-1.830000E+0	-4.726052E+3
-1.825000E+0	-4.546829E+3
-1.820000E+0	-4.841150E+3
-1.815000E+0	-4.704677E+3
-1.810000E+0	-4.495857E+3
-1.805000E+0	-5.002287E+3
-1.800000E+0	-4.462972E+3
-1.795000E+0	-4.512299E+3
-1.790000E+0	-5.104231E+3
-1.785000E+0	-4.599445E+3
-1.780000E+0	-4.563271E+3
-1.775000E+0	-4.849371E+3
-1.770000E+0	-4.624109E+3
-1.765000E+0	-4.388980E+3
-1.760000E+0	-4.855948E+3
-1.755000E+0	-4.538607E+3
-1.750000E+0	-4.479414E+3
-1.745000E+0	-4.783601E+3
-1.740000E+0	-4.548473E+3
-1.735000E+0	-4.528742E+3
-1.730000E+0	-4.818131E+3
-1.725000E+0	-4.347874E+3
-1.720000E+0	-4.599445E+3
-1.715000E+0	-4.913497E+3
-1.710000E+0	-4.388980E+3
-1.705000E+0	-4.586291E+3
-1.700000E+0	-4.693167E+3
-1.695000E+0	-4.596156E+3
-1.690000E+0	-4.707965E+3
-1.685000E+0	-4.594512E+3
-1.680000E+0	-4.375826E+3
-1.675000E+0	-4.791822E+3
-1.670000E+0	-4.796755E+3
-1.665000E+0	-5.105875E+3
-1.660000E+0	-4.352806E+3
-1.655000E+0	-4.329787E+3
-1.650000E+0	-5.194665E+3
-1.645000E+0	-5.276878E+3
-1.640000E+0	-4.864170E+3
-1.635000E+0	-4.610954E+3
-1.630000E+0	-4.563271E+3
-1.625000E+0	-1.346527E+4
-1.620000E+0	-3.841443E+3
-1.615000E+0	-9.050442E+3
-1.610000E+0	-4.433375E+3
-1.605000E+0	-5.533381E+3
-1.600000E+0	-4.765514E+3
-1.595000E+0	-4.379115E+3
-1.590000E+0	-4.333075E+3
-1.585000E+0	-4.676725E+3
-1.580000E+0	-4.333075E+3
-1.575000E+0	-4.194958E+3
-1.570000E+0	-4.880612E+3
-1.565000E+0	-4.559983E+3
-1.560000E+0	-4.395557E+3
-1.555000E+0	-4.749072E+3
-1.550000E+0	-4.423509E+3
-1.545000E+0	-4.525453E+3
-1.540000E+0	-4.750716E+3
-1.535000E+0	-4.191670E+3
-1.530000E+0	-4.670148E+3
-1.525000E+0	-4.693167E+3
-1.520000E+0	-4.227843E+3
-1.515000E+0	-4.939805E+3
-1.510000E+0	-4.538607E+3
-1.505000E+0	-4.255795E+3
-1.500000E+0	-4.892122E+3
-1.495000E+0	-4.681657E+3
-1.490000E+0	-4.349518E+3
-1.485000E+0	-4.689879E+3
-1.480000E+0	-4.698100E+3
-1.475000E+0	-4.571492E+3
-1.470000E+0	-5.007220E+3
-1.465000E+0	-4.543540E+3
-1.460000E+0	-4.438308E+3
-1.455000E+0	-5.002287E+3
-1.450000E+0	-4.372538E+3
-1.445000E+0	-4.538607E+3
-1.440000E+0	-4.865814E+3
-1.435000E+0	-4.449818E+3
-1.430000E+0	-4.413644E+3
-1.425000E+0	-4.982556E+3
-1.420000E+0	-4.485991E+3
-1.415000E+0	-4.431731E+3
-1.410000E+0	-4.842794E+3
-1.405000E+0	-4.398846E+3
-1.400000E+0	-4.428442E+3
-1.395000E+0	-4.857593E+3
-1.390000E+0	-4.214689E+3
-1.385000E+0	-4.660282E+3
-1.380000E+0	-4.772091E+3
-1.375000E+0	-4.231132E+3
-1.370000E+0	-4.433375E+3
-1.365000E+0	-4.599445E+3
-1.360000E+0	-4.176871E+3
-1.355000E+0	-4.716187E+3
-1.350000E+0	-4.801688E+3
-1.345000E+0	-4.387336E+3
-1.340000E+0	-4.926651E+3
-1.335000E+0	-4.878968E+3
-1.330000E+0	-4.428442E+3
-1.325000E+0	-4.905276E+3
-1.320000E+0	-4.587935E+3
-1.315000E+0	-4.288680E+3
-1.310000E+0	-4.915141E+3
-1.305000E+0	-4.535319E+3
-1.300000E+0	-4.441596E+3
-1.295000E+0	-4.691523E+3
-1.290000E+0	-4.587935E+3
-1.285000E+0	-4.655349E+3
-1.280000E+0	-5.140404E+3
-1.275000E+0	-4.453106E+3
-1.270000E+0	-4.559982E+3
-1.265000E+0	-4.717831E+3
-1.260000E+0	-4.564915E+3
-1.255000E+0	-5.048326E+3
-1.250000E+0	-5.362379E+3
-1.245000E+0	-4.385691E+3
-1.240000E+0	-4.571492E+3
-1.235000E+0	-4.703033E+3
-1.230000E+0	-4.372537E+3
-1.225000E+0	-4.397201E+3
-1.220000E+0	-4.642195E+3
-1.215000E+0	-4.347874E+3
-1.210000E+0	-4.714542E+3
-1.205000E+0	-4.887189E+3
-1.200000E+0	-4.288680E+3
-1.195000E+0	-4.941449E+3
-1.190000E+0	-4.722764E+3
-1.185000E+0	-4.111101E+3
-1.180000E+0	-4.620820E+3
-1.175000E+0	-4.722764E+3
-1.170000E+0	-4.607666E+3
-1.165000E+0	-4.809909E+3
-1.160000E+0	-4.642195E+3
-1.155000E+0	-4.298546E+3
-1.150000E+0	-4.851015E+3
-1.145000E+0	-4.971046E+3
-1.140000E+0	-4.564915E+3
-1.135000E+0	-4.849371E+3
-1.130000E+0	-4.587935E+3
-1.125000E+0	-4.349518E+3
-1.120000E+0	-5.135471E+3
-1.115000E+0	-4.581358E+3
-1.110000E+0	-4.426798E+3
-1.105000E+0	-5.013797E+3
-1.100000E+0	-4.749072E+3
-1.095000E+0	-4.680013E+3
-1.090000E+0	-4.870746E+3
-1.085000E+0	-4.785245E+3
-1.080000E+0	-4.555050E+3
-1.075000E+0	-4.624108E+3
-1.070000E+0	-4.379114E+3
-1.065000E+0	-4.540251E+3
-1.060000E+0	-5.033528E+3
-1.055000E+0	-4.344585E+3
-1.050000E+0	-4.694811E+3
-1.045000E+0	-4.772091E+3
-1.040000E+0	-4.722764E+3
-1.035000E+0	-5.160135E+3
-1.030000E+0	-4.517232E+3
-1.025000E+0	-4.137409E+3
-1.020000E+0	-4.601089E+3
-1.015000E+0	-4.436663E+3
-1.010000E+0	-4.443240E+3
-1.005000E+0	-4.867458E+3
-1.000000E+0	-4.372537E+3
-9.950000E-1	-4.610954E+3
-9.900000E-1	-5.099298E+3
-9.850000E-1	-4.599444E+3
-9.800000E-1	-4.555050E+3
-9.750000E-1	-5.122317E+3
-9.700000E-1	-4.658638E+3
-9.650000E-1	-4.438308E+3
-9.600000E-1	-4.980912E+3
-9.550000E-1	-4.435019E+3
-9.500000E-1	-4.469548E+3
-9.450000E-1	-4.998998E+3
-9.400000E-1	-4.477770E+3
-9.350000E-1	-4.124255E+3
-9.300000E-1	-5.058192E+3
-9.250000E-1	-4.946382E+3
-9.200000E-1	-4.143986E+3
-9.150000E-1	-5.319628E+3
-9.100000E-1	-4.617531E+3
-9.050000E-1	-5.049970E+3
-9.000000E-1	-5.053259E+3
-8.950000E-1	-4.767158E+3
-8.900000E-1	-4.265661E+3
-8.850000E-1	-4.650416E+3
-8.800000E-1	-4.609310E+3
-8.750000E-1	-4.862525E+3
-8.700000E-1	-4.462971E+3
-8.650000E-1	-4.359383E+3
-8.600000E-1	-4.732629E+3
-8.550000E-1	-4.691523E+3
-8.500000E-1	-4.668503E+3
-8.450000E-1	-4.767158E+3
-8.400000E-1	-4.633974E+3
-8.350000E-1	-4.563271E+3
-8.300000E-1	-4.819775E+3
-8.250000E-1	-4.734273E+3
-8.200000E-1	-4.640551E+3
-8.150000E-1	-4.826352E+3
-8.100000E-1	-4.522165E+3
-8.050000E-1	-4.578069E+3
-8.000000E-1	-4.773735E+3
-7.950000E-1	-4.569848E+3
-7.900000E-1	-4.255795E+3
-7.850000E-1	-5.008864E+3
-7.800000E-1	-4.507366E+3
-7.750000E-1	-4.374182E+3
-7.700000E-1	-4.918430E+3
-7.650000E-1	-4.648772E+3
-7.600000E-1	-4.578069E+3
-7.550000E-1	-4.780312E+3
-7.500000E-1	-4.597800E+3
-7.450000E-1	-4.411999E+3
-7.400000E-1	-4.716187E+3
-7.350000E-1	-4.553405E+3
-7.300000E-1	-4.505722E+3
-7.250000E-1	-4.653705E+3
-7.200000E-1	-4.563271E+3
-7.150000E-1	-4.543540E+3
-7.100000E-1	-4.740850E+3
-7.050000E-1	-4.259084E+3
-7.000000E-1	-4.857592E+3
-6.950000E-1	-4.601089E+3
-6.900000E-1	-4.206468E+3
-6.850000E-1	-4.523809E+3
-6.800000E-1	-4.627397E+3
-6.750000E-1	-4.288680E+3
-6.700000E-1	-4.814842E+3
-6.650000E-1	-4.716187E+3
-6.600000E-1	-4.188381E+3
-6.550000E-1	-4.885545E+3
-6.500000E-1	-4.681657E+3
-6.450000E-1	-4.301834E+3
-6.400000E-1	-4.745783E+3
-6.350000E-1	-4.648772E+3
-6.300000E-1	-4.351162E+3
-6.250000E-1	-4.966113E+3
-6.200000E-1	-4.509010E+3
-6.150000E-1	-4.319921E+3
-6.100000E-1	-4.998998E+3
-6.050000E-1	-4.458039E+3
-6.000000E-1	-4.658638E+3
-5.950000E-1	-4.952959E+3
-5.900000E-1	-4.426798E+3
-5.850000E-1	-4.308411E+3
-5.800000E-1	-4.783601E+3
-5.750000E-1	-4.578069E+3
-5.700000E-1	-4.495856E+3
-5.650000E-1	-4.859237E+3
-5.600000E-1	-4.532030E+3
-5.550000E-1	-4.827996E+3
-5.500000E-1	-4.770447E+3
-5.450000E-1	-4.502433E+3
-5.400000E-1	-4.711254E+3
-5.350000E-1	-4.691523E+3
-5.300000E-1	-4.255795E+3
-5.250000E-1	-4.594512E+3
-5.200000E-1	-4.668503E+3
-5.150000E-1	-4.400490E+3
-5.100000E-1	-4.576425E+3
-5.050000E-1	-4.671792E+3
-5.000000E-1	-4.145630E+3
-4.950000E-1	-4.683301E+3
-4.900000E-1	-4.624108E+3
-4.850000E-1	-4.237708E+3
-4.800000E-1	-4.527097E+3
-4.750000E-1	-8.716658E+3
-4.700000E-1	-3.969695E+3
-4.650000E-1	-4.559982E+3
-4.600000E-1	-4.541896E+3
-4.550000E-1	-4.273882E+3
-4.500000E-1	-4.768803E+3
-4.450000E-1	-4.497501E+3
-4.400000E-1	-4.311700E+3
-4.350000E-1	-4.783601E+3
-4.300000E-1	-4.446529E+3
-4.250000E-1	-4.280459E+3
-4.200000E-1	-4.860881E+3
-4.150000E-1	-4.250863E+3
-4.100000E-1	-4.517232E+3
-4.050000E-1	-4.972690E+3
-4.000000E-1	-4.344585E+3
-3.950000E-1	-4.637262E+3
-3.900000E-1	-4.568204E+3
-3.850000E-1	-4.352806E+3
-3.800000E-1	-4.573136E+3
-3.750000E-1	-4.647128E+3
-3.700000E-1	-4.602733E+3
-3.650000E-1	-4.596156E+3
-3.600000E-1	-4.471193E+3
-3.550000E-1	-3.936810E+3
-3.500000E-1	-4.384047E+3
-3.450000E-1	-4.377470E+3
-3.400000E-1	-4.374182E+3
-3.350000E-1	-4.530386E+3
-3.300000E-1	-4.234420E+3
-3.250000E-1	-4.400490E+3
-3.200000E-1	-4.795111E+3
-3.150000E-1	-4.298546E+3
-3.100000E-1	-4.265661E+3
-3.050000E-1	-4.762226E+3
-3.000000E-1	-4.224554E+3
-2.950000E-1	-4.217977E+3
-2.900000E-1	-4.517232E+3
-2.850000E-1	-4.214689E+3
-2.800000E-1	-4.193314E+3
-2.750000E-1	-4.382403E+3
-2.700000E-1	-4.079860E+3
-2.650000E-1	-4.071639E+3
-2.600000E-1	-4.380759E+3
-2.550000E-1	-4.020667E+3
-2.500000E-1	-3.910502E+3
-2.450000E-1	-4.244285E+3
-2.400000E-1	-3.818424E+3
-2.350000E-1	-3.851309E+3
-2.300000E-1	-4.311700E+3
-2.250000E-1	-3.982849E+3
-2.200000E-1	-3.885838E+3
-2.150000E-1	-4.142342E+3
-2.100000E-1	-3.963118E+3
-2.050000E-1	-4.120966E+3
-2.000000E-1	-3.897348E+3
-1.950000E-1	-3.872684E+3
-1.900000E-1	-4.494212E+3
-1.850000E-1	-4.088081E+3
-1.800000E-1	-3.173876E+3
-1.750000E-1	-3.933521E+3
-1.700000E-1	-4.423509E+3
-1.650000E-1	-1.254613E+4
-1.600000E-1	-1.781192E+3
-1.550000E-1	-2.764456E+3
-1.500000E-1	-3.468197E+3
-1.450000E-1	-3.645777E+3
-1.400000E-1	-3.326792E+3
-1.350000E-1	-2.123197E+3
-1.300000E-1	-3.446822E+3
-1.250000E-1	-3.392562E+3
-1.200000E-1	-2.940392E+3
-1.150000E-1	-3.660575E+3
-1.100000E-1	-3.803625E+3
-1.050000E-1	-2.877910E+3
-1.000000E-1	-3.672085E+3
-9.500000E-2	-3.265954E+3
-9.000000E-2	-4.017378E+3
-8.500000E-2	-4.017378E+3
-8.000000E-2	-2.330373E+3
-7.500000E-2	-3.145923E+3
-7.000000E-2	-3.349811E+3
-6.500000E-2	-3.127837E+3
-6.000000E-2	-3.430379E+3
-5.500000E-2	-3.545477E+3
-5.000000E-2	-3.320214E+3
-4.500000E-2	-3.108106E+3
-4.000000E-2	-2.874621E+3
-3.500000E-2	-2.670734E+3
-3.000000E-2	-2.891064E+3
-2.500000E-2	-2.672378E+3
-2.000000E-2	-2.874621E+3
-1.500000E-2	-3.137702E+3
-1.000000E-2	-2.973277E+3
-5.000000E-3	-2.572079E+3
-4.181204E-14	-3.216626E+3
5.000000E-3	-2.723350E+3
1.000000E-2	-2.553992E+3
1.500000E-2	-3.071932E+3
2.000000E-2	-2.669090E+3
2.500000E-2	-2.647714E+3
3.000000E-2	-3.078509E+3
3.500000E-2	-2.593454E+3
4.000000E-2	-2.437250E+3
4.500000E-2	-2.915728E+3
5.000000E-2	-2.415874E+3
5.500000E-2	-2.292555E+3
6.000000E-2	-2.680599E+3
6.500000E-2	-2.308998E+3
7.000000E-2	-2.264603E+3
7.500000E-2	-2.670734E+3
8.000000E-2	-2.017965E+3
8.500000E-2	-2.085379E+3
9.000000E-2	-2.336950E+3
9.500000E-2	-1.802567E+3
1.000000E-1	-1.924242E+3
1.050000E-1	-2.091956E+3
1.100000E-1	-1.871626E+3
1.150000E-1	-2.167592E+3
1.200000E-1	-2.167592E+3
1.250000E-1	-1.697335E+3
1.300000E-1	-1.960416E+3
1.350000E-1	-2.200477E+3
1.400000E-1	-1.754884E+3
1.450000E-1	-1.786125E+3
1.500000E-1	-1.950550E+3
1.550000E-1	-1.468784E+3
1.600000E-1	-1.976858E+3
1.650000E-1	-1.582237E+3
1.700000E-1	-1.574016E+3
1.750000E-1	-2.129774E+3
1.800000E-1	-1.463851E+3
1.850000E-1	-1.327378E+3
1.900000E-1	-1.916021E+3
1.950000E-1	-1.179395E+3
2.000000E-1	-1.442476E+3
2.050000E-1	-1.746663E+3
2.100000E-1	-1.079095E+3
2.150000E-1	-1.366840E+3
2.200000E-1	-1.269829E+3
2.250000E-1	-1.111980E+3
2.300000E-1	-1.370128E+3
2.350000E-1	-1.220501E+3
2.400000E-1	-7.420232E+2
2.450000E-1	-1.258319E+3
2.500000E-1	-1.092249E+3
2.550000E-1	-8.110819E+2
2.600000E-1	-1.067586E+3
2.650000E-1	-1.001815E+3
2.700000E-1	-6.450122E+2
2.750000E-1	-1.130067E+3
2.800000E-1	-9.919499E+2
2.850000E-1	-4.164608E+2
2.900000E-1	-8.834291E+2
2.950000E-1	-8.275244E+2
3.000000E-1	-4.526344E+2
3.050000E-1	-7.929951E+2
3.100000E-1	-6.894070E+2
3.150000E-1	-3.128727E+2
3.200000E-1	-7.420232E+2
3.250000E-1	-8.620538E+2
3.300000E-1	-3.950855E+2
3.350000E-1	-1.044566E+3
3.400000E-1	-3.786429E+2
3.450000E-1	-6.483007E+2
3.500000E-1	-9.787959E+2
3.550000E-1	-1.320047E+2
3.600000E-1	-4.657884E+2
3.650000E-1	-4.411246E+2
3.700000E-1	1.376530E+2
3.750000E-1	-3.819314E+2
3.800000E-1	-4.608557E+2
3.850000E-1	-2.183968E+1
3.900000E-1	-3.227383E+2
3.950000E-1	-3.326038E+2
4.000000E-1	1.705381E+2
4.050000E-1	-3.358923E+2
4.100000E-1	-2.569681E+2
4.150000E-1	2.445296E+2
4.200000E-1	-8.685640E+0
4.250000E-1	4.886327E+1
4.300000E-1	1.343645E+2
4.350000E-1	-1.698226E+2
4.400000E-1	1.261432E+2
4.450000E-1	7.188284E+1
4.500000E-1	-1.204950E+2
4.550000E-1	-3.828222E+1
4.600000E-1	-3.752877E+0
4.650000E-1	-3.128727E+2
4.700000E-1	7.082094E+2
4.750000E-1	-1.468030E+2
4.800000E-1	-1.599571E+2
4.850000E-1	7.674025E+2
4.900000E-1	3.283866E+2
4.950000E-1	-3.654889E+2
5.000000E-1	6.128426E+2
5.050000E-1	5.816018E+2
5.100000E-1	1.623168E+2
5.150000E-1	2.987900E+2
5.200000E-1	5.783132E+2
5.250000E-1	-4.979201E+1
5.300000E-1	4.434844E+2
5.350000E-1	5.043218E+2
5.400000E-1	4.549942E+2
5.450000E-1	8.940101E+2
5.500000E-1	4.697924E+2
5.550000E-1	5.379603E+1
5.600000E-1	5.470724E+2
5.650000E-1	9.071642E+2
5.700000E-1	2.297313E+2
5.750000E-1	7.772681E+2
5.800000E-1	3.497619E+2
5.850000E-1	4.533499E+2
5.900000E-1	9.334722E+2
5.950000E-1	4.697924E+2
6.000000E-1	4.961005E+2
6.050000E-1	9.959539E+2
6.100000E-1	7.838451E+2
6.150000E-1	6.029771E+2
6.200000E-1	1.035416E+3
6.250000E-1	6.342179E+2
6.300000E-1	8.085089E+2
6.350000E-1	1.114340E+3
6.400000E-1	6.753243E+2
6.450000E-1	6.966996E+2
6.500000E-1	9.712901E+2
6.550000E-1	5.635150E+2
6.600000E-1	8.726348E+2
6.650000E-1	1.069945E+3
6.700000E-1	5.339184E+2
6.750000E-1	1.247525E+3
6.800000E-1	1.069945E+3
6.850000E-1	5.470724E+2
6.900000E-1	1.262323E+3
6.950000E-1	9.860884E+2
7.000000E-1	1.038705E+3
7.050000E-1	1.410306E+3
7.100000E-1	9.236067E+2
7.150000E-1	9.252510E+2
7.200000E-1	1.310007E+3
7.250000E-1	9.466263E+2
7.300000E-1	8.282399E+2
7.350000E-1	1.967708E+3
7.400000E-1	7.986434E+2
7.450000E-1	1.245881E+3
7.500000E-1	1.540202E+3
7.550000E-1	4.467729E+2
7.600000E-1	1.137360E+3
7.650000E-1	1.869053E+3
7.700000E-1	5.339184E+2
7.750000E-1	1.395508E+3
7.800000E-1	1.359334E+3
7.850000E-1	9.186739E+2
7.900000E-1	1.300141E+3
7.950000E-1	1.441547E+3
8.000000E-1	9.301837E+2
8.050000E-1	1.180110E+3
8.100000E-1	1.640502E+3
8.150000E-1	9.153854E+2
8.200000E-1	1.576376E+3
8.250000E-1	1.420172E+3
8.300000E-1	1.020618E+3
8.350000E-1	1.676675E+3
8.400000E-1	1.507317E+3
8.450000E-1	1.018973E+3
8.500000E-1	1.635569E+3
8.550000E-1	1.454701E+3
8.600000E-1	1.265612E+3
8.650000E-1	1.790129E+3
8.700000E-1	1.383998E+3
8.750000E-1	1.081455E+3
8.800000E-1	1.642146E+3
8.850000E-1	1.578020E+3
8.900000E-1	1.489230E+3
8.950000E-1	2.041700E+3
9.000000E-1	1.354401E+3
9.050000E-1	1.443191E+3
9.100000E-1	2.023613E+3
9.150000E-1	1.397152E+3
9.200000E-1	1.449768E+3
9.250000E-1	1.933179E+3
9.300000E-1	1.379065E+3
9.350000E-1	1.661877E+3
9.400000E-1	1.916736E+3
9.450000E-1	1.430037E+3
9.500000E-1	1.683252E+3
9.550000E-1	1.790129E+3
9.600000E-1	1.444835E+3
9.650000E-1	1.767109E+3
9.700000E-1	1.887140E+3
9.750000E-1	1.418527E+3
9.800000E-1	1.739157E+3
9.850000E-1	2.248876E+3
9.900000E-1	1.561577E+3
9.950000E-1	1.857543E+3
1.000000E+0	1.775331E+3
1.005000E+0	1.719426E+3
1.010000E+0	2.092672E+3
1.015000E+0	1.801639E+3
1.020000E+0	1.625703E+3
1.025000E+0	2.099249E+3
1.030000E+0	1.811504E+3
1.035000E+0	1.561578E+3
1.040000E+0	2.283405E+3
1.045000E+0	2.141999E+3
1.050000E+0	1.785196E+3
1.055000E+0	2.437965E+3
1.060000E+0	1.910159E+3
1.065000E+0	2.066364E+3
1.070000E+0	2.482360E+3
1.075000E+0	1.767109E+3
1.080000E+0	2.030190E+3
1.085000E+0	2.375484E+3
1.090000E+0	1.860832E+3
1.095000E+0	2.064719E+3
1.100000E+0	2.020325E+3
1.105000E+0	1.888784E+3
1.110000E+0	2.237366E+3
1.115000E+0	2.181461E+3
1.120000E+0	1.877274E+3
1.125000E+0	2.370551E+3
1.130000E+0	2.326156E+3
1.135000E+0	1.967708E+3
1.140000E+0	2.184750E+3
1.145000E+0	2.625410E+3
1.150000E+0	1.841101E+3
1.155000E+0	2.391926E+3
1.160000E+0	2.502091E+3
1.165000E+0	1.992372E+3
1.170000E+0	2.534976E+3
1.175000E+0	2.886847E+3
1.180000E+0	1.630636E+3
1.185000E+0	1.921669E+3
1.190000E+0	2.906578E+3
1.195000E+0	2.232433E+3
1.200000E+0	2.344243E+3
1.205000E+0	2.336021E+3
1.210000E+0	2.183106E+3
1.215000E+0	2.516889E+3
1.220000E+0	2.771749E+3
1.225000E+0	2.434677E+3
1.230000E+0	2.572794E+3
1.235000E+0	2.416590E+3
1.240000E+0	2.594169E+3
1.245000E+0	2.720777E+3
1.250000E+0	2.416590E+3
1.255000E+0	2.627054E+3
1.260000E+0	2.978925E+3
1.265000E+0	2.423167E+3
1.270000E+0	2.625410E+3
1.275000E+0	3.043051E+3
1.280000E+0	2.273540E+3
1.285000E+0	2.388638E+3
1.290000E+0	3.018387E+3
1.295000E+0	2.457696E+3
1.300000E+0	2.571150E+3
1.305000E+0	2.881914E+3
1.310000E+0	2.518534E+3
1.315000E+0	2.666517E+3
1.320000E+0	2.995368E+3
1.325000E+0	2.413301E+3
1.330000E+0	2.918088E+3
1.335000E+0	2.921376E+3
1.340000E+0	2.423167E+3
1.345000E+0	3.008522E+3
1.350000E+0	2.955905E+3
1.355000E+0	2.367262E+3
1.360000E+0	3.023320E+3
1.365000E+0	2.870404E+3
1.370000E+0	2.904934E+3
1.375000E+0	3.227207E+3
1.380000E+0	2.740508E+3
1.385000E+0	2.890135E+3
1.390000E+0	3.365325E+3
1.395000E+0	2.890135E+3
1.400000E+0	2.946040E+3
1.405000E+0	3.233784E+3
1.410000E+0	2.793124E+3
1.415000E+0	2.845740E+3
1.420000E+0	3.447538E+3
1.425000E+0	2.793124E+3
1.430000E+0	2.853962E+3
1.435000E+0	3.358748E+3
1.440000E+0	2.692825E+3
1.445000E+0	3.024964E+3
1.450000E+0	3.549481E+3
1.455000E+0	2.900001E+3
1.460000E+0	2.900001E+3
1.465000E+0	3.337372E+3
1.470000E+0	2.758595E+3
1.475000E+0	3.140062E+3
1.480000E+0	3.041407E+3
1.485000E+0	2.970704E+3
1.490000E+0	3.085802E+3
1.495000E+0	3.125264E+3
1.500000E+0	3.051272E+3
1.505000E+0	3.445893E+3
1.510000E+0	3.125264E+3
1.515000E+0	3.005233E+3
1.520000E+0	3.653069E+3
1.525000E+0	3.052916E+3
1.530000E+0	2.719133E+3
1.535000E+0	3.939170E+3
1.540000E+0	3.454115E+3
1.545000E+0	2.852317E+3
1.550000E+0	3.317641E+3
1.555000E+0	3.421229E+3
1.560000E+0	3.135129E+3
1.565000E+0	3.720484E+3
1.570000E+0	3.350526E+3
1.575000E+0	3.123619E+3
1.580000E+0	3.782965E+3
1.585000E+0	3.307776E+3
1.590000E+0	3.276535E+3
1.595000E+0	3.840514E+3
1.600000E+0	3.237073E+3
1.605000E+0	3.174591E+3
1.610000E+0	3.784610E+3
1.615000E+0	3.220630E+3
1.620000E+0	3.269958E+3
1.625000E+0	3.620184E+3
1.630000E+0	3.038118E+3
1.635000E+0	3.283112E+3
1.640000E+0	3.784610E+3
1.645000E+0	3.343949E+3
1.650000E+0	3.347238E+3
1.655000E+0	3.378479E+3
1.660000E+0	3.271602E+3
1.665000E+0	3.615251E+3
1.670000E+0	3.465624E+3
1.675000E+0	2.275184E+3
1.680000E+0	1.594463E+3
1.685000E+0	3.031541E+3
1.690000E+0	3.406431E+3
1.695000E+0	3.626761E+3
1.700000E+0	3.588943E+3
1.705000E+0	3.500154E+3
1.710000E+0	3.868467E+3
1.715000E+0	3.651425E+3
1.720000E+0	3.511663E+3
1.725000E+0	4.192385E+3
1.730000E+0	3.692531E+3
1.735000E+0	3.564280E+3
1.740000E+0	4.115105E+3
1.745000E+0	3.603742E+3
1.750000E+0	3.676089E+3
1.755000E+0	4.238424E+3
1.760000E+0	3.685954E+3
1.765000E+0	3.681022E+3
1.770000E+0	4.049335E+3
1.775000E+0	4.019738E+3
1.780000E+0	3.786254E+3
1.785000E+0	3.607030E+3
1.790000E+0	3.523173E+3
1.795000E+0	3.860245E+3
1.800000E+0	4.360099E+3
1.805000E+0	3.708974E+3
1.810000E+0	3.661291E+3
1.815000E+0	4.166077E+3
1.820000E+0	3.728705E+3
1.825000E+0	3.919439E+3
1.830000E+0	4.082220E+3
1.835000E+0	3.764879E+3
1.840000E+0	3.995074E+3
1.845000E+0	4.272953E+3
1.850000E+0	3.551126E+3
1.855000E+0	4.052623E+3
1.860000E+0	4.233491E+3
1.865000E+0	3.699108E+3
1.870000E+0	4.062489E+3
1.875000E+0	4.325569E+3
1.880000E+0	4.050979E+3
1.885000E+0	4.133192E+3
1.890000E+0	4.161144E+3
1.895000E+0	4.023027E+3
1.900000E+0	4.180875E+3
1.905000E+0	4.166077E+3
1.910000E+0	4.041113E+3
1.915000E+0	4.501505E+3
1.920000E+0	3.965478E+3
1.925000E+0	4.154567E+3
1.930000E+0	4.544255E+3
1.935000E+0	4.134836E+3
1.940000E+0	4.003296E+3
1.945000E+0	4.601804E+3
1.950000E+0	4.401205E+3
1.955000E+0	4.062489E+3
1.960000E+0	4.335435E+3
1.965000E+0	4.092085E+3
1.970000E+0	4.388051E+3
1.975000E+0	4.519592E+3
1.980000E+0	4.131547E+3
1.985000E+0	4.465331E+3
1.990000E+0	4.494928E+3
1.995000E+0	4.069066E+3
2.000000E+0	4.460398E+3
2.005000E+0	4.304194E+3
2.010000E+0	4.075643E+3
2.015000E+0	4.409426E+3
2.020000E+0	4.491639E+3
2.025000E+0	4.128259E+3
2.030000E+0	4.565631E+3
2.035000E+0	4.401205E+3
2.040000E+0	4.000007E+3
2.045000E+0	4.623180E+3
2.050000E+0	4.537678E+3
2.055000E+0	4.136480E+3
2.060000E+0	4.679084E+3
2.065000E+0	4.646199E+3
2.070000E+0	4.226914E+3
2.075000E+0	4.835288E+3
2.080000E+0	4.610026E+3
2.085000E+0	4.246645E+3
2.090000E+0	4.777739E+3
2.095000E+0	4.815557E+3
2.100000E+0	4.332146E+3
2.105000E+0	4.679084E+3
2.110000E+0	4.769518E+3
2.115000E+0	4.544255E+3
2.120000E+0	4.879683E+3
2.125000E+0	4.716902E+3
2.130000E+0	4.542611E+3
2.135000E+0	4.848442E+3
2.140000E+0	4.739922E+3
2.145000E+0	4.485062E+3
2.150000E+0	5.063840E+3
2.155000E+0	4.736633E+3
2.160000E+0	4.697171E+3
2.165000E+0	5.042464E+3
2.170000E+0	4.707037E+3
2.175000E+0	4.708681E+3
2.180000E+0	4.920790E+3
2.185000E+0	4.646199E+3
2.190000E+0	4.792538E+3
2.195000E+0	4.868173E+3
2.200000E+0	4.529457E+3
2.205000E+0	5.080282E+3
2.210000E+0	4.823779E+3
2.215000E+0	4.437379E+3
2.220000E+0	5.035887E+3
2.225000E+0	4.927367E+3
2.230000E+0	4.470264E+3
2.235000E+0	5.022733E+3
2.240000E+0	4.733345E+3
2.245000E+0	4.590294E+3
2.250000E+0	4.820490E+3
2.255000E+0	5.009579E+3
2.260000E+0	4.613314E+3
2.265000E+0	4.869818E+3
2.270000E+0	5.052330E+3
2.275000E+0	4.878039E+3
2.280000E+0	5.206890E+3
2.285000E+0	5.060551E+3
2.290000E+0	4.672507E+3
2.295000E+0	5.312122E+3
2.300000E+0	5.032599E+3
2.305000E+0	4.753076E+3
2.310000E+0	5.501211E+3
2.315000E+0	4.971762E+3
2.320000E+0	4.873106E+3
2.325000E+0	5.497923E+3
2.330000E+0	4.978339E+3
2.335000E+0	5.090148E+3
2.340000E+0	5.428864E+3
2.345000E+0	5.192092E+3
2.350000E+0	5.289103E+3
2.355000E+0	5.488057E+3
2.360000E+0	4.988204E+3
2.365000E+0	5.366383E+3
2.370000E+0	5.409133E+3
2.375000E+0	5.081927E+3
2.380000E+0	5.233198E+3
2.385000E+0	5.617954E+3
2.390000E+0	5.111523E+3
2.395000E+0	5.257862E+3
2.400000E+0	5.853082E+3
2.405000E+0	4.956963E+3
2.410000E+0	5.177293E+3
2.415000E+0	5.716609E+3
2.420000E+0	5.029310E+3
2.425000E+0	5.387758E+3
2.430000E+0	5.713320E+3
2.435000E+0	5.070417E+3
2.440000E+0	5.519298E+3
2.445000E+0	5.474903E+3
2.450000E+0	5.055619E+3
2.455000E+0	5.433797E+3
2.460000E+0	5.524231E+3
2.465000E+0	5.001358E+3
2.470000E+0	5.461749E+3
2.475000E+0	5.678791E+3
2.480000E+0	5.203601E+3
2.485000E+0	5.678791E+3
2.490000E+0	5.703455E+3
2.495000E+0	5.320343E+3
2.500000E+0	5.353229E+3
2.505000E+0	5.463394E+3
2.510000E+0	5.519298E+3
2.515000E+0	5.581780E+3
2.520000E+0	5.437086E+3
2.525000E+0	5.511077E+3
2.530000E+0	5.764292E+3
2.535000E+0	5.504500E+3
2.540000E+0	5.468326E+3
2.545000E+0	6.042171E+3
2.550000E+0	5.423932E+3
2.555000E+0	5.453528E+3
2.560000E+0	6.009286E+3
2.565000E+0	5.644262E+3
2.570000E+0	5.489702E+3
2.575000E+0	5.966536E+3
2.580000E+0	5.662348E+3
2.585000E+0	5.736340E+3
2.590000E+0	5.626175E+3
2.595000E+0	5.659060E+3
2.600000E+0	5.802110E+3
2.605000E+0	5.774158E+3
2.610000E+0	5.335142E+3
2.615000E+0	5.879390E+3
2.620000E+0	5.950093E+3
2.625000E+0	5.389402E+3
2.630000E+0	5.785668E+3
2.635000E+0	5.866236E+3
2.640000E+0	4.970117E+3
2.645000E+0	5.659060E+3
2.650000E+0	6.231261E+3
2.655000E+0	5.272660E+3
2.660000E+0	5.775802E+3
2.665000E+0	5.876102E+3
2.670000E+0	5.432153E+3
2.675000E+0	5.774158E+3
2.680000E+0	5.994488E+3
2.685000E+0	5.864592E+3
2.690000E+0	6.027373E+3
2.695000E+0	5.777446E+3
2.700000E+0	5.514366E+3
2.705000E+0	6.117807E+3
2.710000E+0	5.890900E+3
2.715000E+0	5.603155E+3
2.720000E+0	6.216462E+3
2.725000E+0	6.024084E+3
2.730000E+0	5.668925E+3
2.735000E+0	5.859659E+3
2.740000E+0	5.828418E+3
2.745000E+0	5.866236E+3
2.750000E+0	6.012575E+3
2.755000E+0	5.784023E+3
2.760000E+0	5.991199E+3
2.765000E+0	6.371022E+3
2.770000E+0	5.828418E+3
2.775000E+0	5.844861E+3
2.780000E+0	6.334849E+3
2.785000E+0	6.030661E+3
2.790000E+0	5.802110E+3
2.795000E+0	6.540380E+3
2.800000E+0	6.104653E+3
2.805000E+0	6.101364E+3
2.810000E+0	6.609439E+3
2.815000E+0	6.043816E+3
2.820000E+0	5.935295E+3
2.825000E+0	6.200020E+3
2.830000E+0	6.362801E+3
2.835000E+0	6.178644E+3
2.840000E+0	6.193443E+3
2.845000E+0	5.987911E+3
2.850000E+0	5.825130E+3
2.855000E+0	6.155625E+3
2.860000E+0	6.274011E+3
2.865000E+0	6.293742E+3
2.870000E+0	6.305252E+3
2.875000E+0	5.757715E+3
2.880000E+0	6.328272E+3
2.885000E+0	6.683431E+3
2.890000E+0	6.037239E+3
2.895000E+0	6.629170E+3
2.900000E+0	6.351291E+3
2.905000E+0	5.800466E+3
2.910000E+0	6.578198E+3
2.915000E+0	6.387465E+3
2.920000E+0	5.711676E+3
2.925000E+0	6.874164E+3
2.930000E+0	6.387465E+3
2.935000E+0	6.116163E+3
2.940000E+0	6.737691E+3
2.945000E+0	6.145759E+3
2.950000E+0	5.742917E+3
2.955000E+0	5.583424E+3
2.960000E+0	6.096432E+3
2.965000E+0	5.550539E+3
2.970000E+0	6.464745E+3
2.975000E+0	6.099720E+3
2.980000E+0	6.410484E+3
2.985000E+0	6.736047E+3
2.990000E+0	6.556823E+3
2.995000E+0	6.382532E+3
3.000000E+0	6.553534E+3
3.005000E+0	6.338137E+3
3.010000E+0	6.474610E+3
3.015000E+0	6.594641E+3
3.020000E+0	6.033950E+3
3.025000E+0	6.510784E+3
3.030000E+0	6.528871E+3
3.035000E+0	6.050393E+3
3.040000E+0	6.576554E+3
3.045000E+0	6.879097E+3
3.050000E+0	6.060258E+3
3.055000E+0	6.642324E+3
3.060000E+0	6.591352E+3
3.065000E+0	6.010930E+3
3.070000E+0	6.803461E+3
3.075000E+0	6.690008E+3
3.080000E+0	6.153981E+3
3.085000E+0	6.627526E+3
3.090000E+0	6.688363E+3
3.095000E+0	6.052037E+3
3.100000E+0	6.841279E+3
3.105000E+0	6.604506E+3
3.110000E+0	6.443369E+3
3.115000E+0	6.693296E+3
3.120000E+0	6.640680E+3
3.125000E+0	6.555179E+3
3.130000E+0	6.706450E+3
3.135000E+0	6.402263E+3
3.140000E+0	6.653834E+3
3.145000E+0	6.864299E+3
3.150000E+0	6.382532E+3
3.155000E+0	6.584775E+3
3.160000E+0	6.816615E+3
3.165000E+0	6.556823E+3
3.170000E+0	6.565044E+3
3.175000E+0	6.770576E+3
3.180000E+0	6.540380E+3
3.185000E+0	6.662055E+3
3.190000E+0	6.666988E+3
3.195000E+0	6.476254E+3
3.200000E+0	6.828125E+3
3.205000E+0	6.821548E+3
3.210000E+0	6.576554E+3
3.215000E+0	6.734402E+3
3.220000E+0	6.790307E+3
3.225000E+0	6.611083E+3
3.230000E+0	6.857722E+3
3.235000E+0	6.698229E+3
3.240000E+0	6.318406E+3
3.245000E+0	7.150399E+3
3.250000E+0	6.854433E+3
3.255000E+0	6.400619E+3
3.260000E+0	7.117514E+3
3.265000E+0	6.946511E+3
3.270000E+0	6.451591E+3
3.275000E+0	7.109293E+3
3.280000E+0	7.046811E+3
3.285000E+0	6.573266E+3
3.290000E+0	6.847856E+3
3.295000E+0	7.036945E+3
3.300000E+0	6.629170E+3
3.305000E+0	7.244121E+3
3.310000E+0	6.701517E+3
3.315000E+0	6.806750E+3
3.320000E+0	7.194794E+3
3.325000E+0	6.591352E+3
3.330000E+0	6.803461E+3
3.335000E+0	7.390460E+3
3.340000E+0	6.834702E+3
3.345000E+0	6.846212E+3
3.350000E+0	5.695234E+3
3.355000E+0	6.371022E+3
3.360000E+0	6.757422E+3
3.365000E+0	7.048455E+3
3.370000E+0	6.510784E+3
3.375000E+0	6.974464E+3
3.380000E+0	7.193149E+3
3.385000E+0	6.795240E+3
3.390000E+0	7.217813E+3
3.395000E+0	7.184928E+3
3.400000E+0	6.900472E+3
3.405000E+0	7.273718E+3
3.410000E+0	7.158620E+3
3.415000E+0	6.971175E+3
3.420000E+0	7.461163E+3
3.425000E+0	6.935002E+3
3.430000E+0	7.130668E+3
3.435000E+0	7.321401E+3
3.440000E+0	7.099427E+3
3.445000E+0	7.106004E+3
3.450000E+0	7.235900E+3
3.455000E+0	7.253987E+3
3.460000E+0	6.953088E+3
3.465000E+0	7.464451E+3
3.470000E+0	7.148755E+3
3.475000E+0	7.196438E+3
3.480000E+0	7.471029E+3
3.485000E+0	7.078052E+3
3.490000E+0	7.193149E+3
3.495000E+0	7.306603E+3
3.500000E+0	6.971175E+3
3.505000E+0	7.104360E+3
3.510000E+0	7.436499E+3
3.515000E+0	6.760711E+3
3.520000E+0	7.232612E+3
3.525000E+0	7.390460E+3
3.530000E+0	6.683431E+3
3.535000E+0	7.245766E+3
3.540000E+0	7.495692E+3
3.545000E+0	6.819904E+3
3.550000E+0	7.207948E+3
3.555000E+0	7.374017E+3
3.560000E+0	7.069830E+3
3.565000E+0	7.206304E+3
3.570000E+0	7.277006E+3
3.575000E+0	7.350998E+3
3.580000E+0	7.452942E+3
3.585000E+0	7.327978E+3
3.590000E+0	7.073119E+3
3.595000E+0	7.674916E+3
3.600000E+0	7.385527E+3
3.605000E+0	7.153687E+3
3.610000E+0	7.794947E+3
3.615000E+0	7.359219E+3
3.620000E+0	7.071475E+3
3.625000E+0	7.679849E+3
3.630000E+0	7.188217E+3
3.635000E+0	7.163553E+3
3.640000E+0	7.737398E+3
3.645000E+0	7.193149E+3
3.650000E+0	7.150399E+3
3.655000E+0	7.872227E+3
3.660000E+0	7.087917E+3
3.665000E+0	7.349354E+3
3.670000E+0	7.836053E+3
3.675000E+0	7.344421E+3
3.680000E+0	7.290161E+3
3.685000E+0	7.714378E+3
3.690000E+0	7.265497E+3
3.695000E+0	7.237544E+3
3.700000E+0	7.668339E+3
3.705000E+0	7.036945E+3
3.710000E+0	7.400326E+3
3.715000E+0	7.684782E+3
3.720000E+0	7.059965E+3
3.725000E+0	7.497337E+3
3.730000E+0	7.643675E+3
3.735000E+0	7.300026E+3
3.740000E+0	7.452942E+3
3.745000E+0	7.500625E+3
3.750000E+0	7.380595E+3
3.755000E+0	7.799879E+3
3.760000E+0	7.495692E+3
3.765000E+0	7.512135E+3
3.770000E+0	7.896890E+3
3.775000E+0	7.523645E+3
3.780000E+0	7.480894E+3
3.785000E+0	7.895246E+3
3.790000E+0	7.383883E+3
3.795000E+0	7.569684E+3
3.800000E+0	7.806456E+3
3.805000E+0	7.605857E+3
3.810000E+0	7.674916E+3
3.815000E+0	7.660118E+3
3.820000E+0	7.610790E+3
3.825000E+0	7.500625E+3
3.830000E+0	7.875515E+3
3.835000E+0	7.377306E+3
3.840000E+0	7.617367E+3
3.845000E+0	7.844274E+3
3.850000E+0	7.214525E+3
3.855000E+0	6.941579E+3
3.860000E+0	7.681493E+3
3.865000E+0	7.446365E+3
3.870000E+0	7.466096E+3
3.875000E+0	7.808101E+3
3.880000E+0	7.595992E+3
3.885000E+0	7.730821E+3
3.890000E+0	7.790014E+3
3.895000E+0	7.650252E+3
3.900000E+0	7.916621E+3
3.905000E+0	7.827832E+3
3.910000E+0	7.628877E+3
3.915000E+0	8.102422E+3
3.920000E+0	7.625588E+3
3.925000E+0	7.834409E+3
3.930000E+0	7.941285E+3
3.935000E+0	7.901823E+3
3.940000E+0	7.645319E+3
3.945000E+0	7.831120E+3
3.950000E+0	7.796591E+3
3.955000E+0	7.709445E+3
3.960000E+0	7.916621E+3
3.965000E+0	7.933064E+3
3.970000E+0	8.084335E+3
3.975000E+0	8.026787E+3
3.980000E+0	7.893602E+3
3.985000E+0	8.015277E+3
3.990000E+0	8.094201E+3
3.995000E+0	7.390460E+3
4.000000E+0	7.957728E+3
4.005000E+0	8.118865E+3
4.010000E+0	7.528577E+3
4.015000E+0	8.049806E+3
4.020000E+0	7.883736E+3
4.025000E+0	7.503914E+3
4.030000E+0	8.092557E+3
4.035000E+0	8.155038E+3
4.040000E+0	7.566395E+3
4.045000E+0	8.135307E+3
4.050000E+0	8.220809E+3
4.055000E+0	7.645319E+3
4.060000E+0	8.278357E+3
4.065000E+0	7.972526E+3
4.070000E+0	7.599280E+3
4.075000E+0	8.113932E+3
4.080000E+0	7.817966E+3
4.085000E+0	7.632165E+3
4.090000E+0	8.388523E+3
4.095000E+0	7.896890E+3
4.100000E+0	7.688070E+3
4.105000E+0	8.266848E+3
4.110000E+0	8.089268E+3
4.115000E+0	7.895246E+3
4.120000E+0	8.082691E+3
4.125000E+0	8.127086E+3
4.130000E+0	7.985680E+3
4.135000E+0	8.176414E+3
4.140000E+0	8.074470E+3
4.145000E+0	8.094201E+3
4.150000E+0	8.256982E+3
4.155000E+0	8.044873E+3
4.160000E+0	8.026787E+3
4.165000E+0	8.380301E+3
4.170000E+0	7.882092E+3
4.175000E+0	7.878804E+3
4.180000E+0	8.030075E+3
4.185000E+0	7.811389E+3
4.190000E+0	8.324397E+3
4.195000E+0	7.998834E+3
4.200000E+0	7.543376E+3
4.205000E+0	8.220809E+3
4.210000E+0	8.051450E+3
4.215000E+0	7.890313E+3
4.220000E+0	8.400032E+3
4.225000E+0	8.281646E+3
4.230000E+0	7.699580E+3
4.235000E+0	8.255338E+3
4.240000E+0	8.324397E+3
4.245000E+0	7.770283E+3
4.250000E+0	8.552948E+3
4.255000E+0	8.283290E+3
4.260000E+0	7.507202E+3
4.265000E+0	8.367147E+3
4.270000E+0	8.455937E+3
4.275000E+0	7.887025E+3
4.280000E+0	8.626939E+3
4.285000E+0	8.229030E+3
4.290000E+0	7.980747E+3
4.295000E+0	8.544727E+3
4.300000E+0	8.280002E+3
4.305000E+0	8.212587E+3
4.310000E+0	8.516774E+3
4.315000E+0	8.301377E+3
4.320000E+0	8.016921E+3
4.325000E+0	8.151750E+3
4.330000E+0	8.069537E+3
4.335000E+0	8.123798E+3
4.340000E+0	8.640094E+3
4.345000E+0	8.605564E+3
4.350000E+0	8.492111E+3
4.355000E+0	8.164904E+3
4.360000E+0	8.181347E+3
4.365000E+0	8.598987E+3
4.370000E+0	8.559525E+3
4.375000E+0	8.003767E+3
4.380000E+0	8.497043E+3
4.385000E+0	8.367147E+3
4.390000E+0	8.148461E+3
4.395000E+0	8.446071E+3
4.400000E+0	8.339195E+3
4.405000E+0	8.206010E+3
4.410000E+0	8.863712E+3
4.415000E+0	8.566102E+3
4.420000E+0	8.166548E+3
4.425000E+0	8.835760E+3
4.430000E+0	8.746970E+3
4.435000E+0	8.284935E+3
4.440000E+0	8.750259E+3
4.445000E+0	8.638449E+3
4.450000E+0	8.235607E+3
4.455000E+0	8.580900E+3
4.460000E+0	8.501976E+3
4.465000E+0	8.501976E+3
4.470000E+0	8.732172E+3
4.475000E+0	8.457581E+3
4.480000E+0	8.534861E+3
4.485000E+0	8.829183E+3
4.490000E+0	8.253694E+3
4.495000E+0	8.485534E+3
4.500000E+0	8.774922E+3
4.505000E+0	8.268492E+3
4.510000E+0	8.664757E+3
4.515000E+0	8.766701E+3
4.520000E+0	8.202722E+3
4.525000E+0	8.672979E+3
4.530000E+0	8.988676E+3
4.535000E+0	8.191212E+3
4.540000E+0	8.284935E+3
4.545000E+0	8.697642E+3
4.550000E+0	8.551304E+3
4.555000E+0	7.919910E+3
4.560000E+0	7.849207E+3
4.565000E+0	8.880155E+3
4.570000E+0	8.750259E+3
4.575000E+0	8.528284E+3
4.580000E+0	7.979103E+3
4.585000E+0	8.725595E+3
4.590000E+0	8.692710E+3
4.595000E+0	8.164904E+3
4.600000E+0	8.498688E+3
4.605000E+0	8.791365E+3
4.610000E+0	8.403321E+3
4.615000E+0	8.638449E+3
4.620000E+0	8.528284E+3
4.625000E+0	8.459226E+3
4.630000E+0	8.783144E+3
4.635000E+0	8.429629E+3
4.640000E+0	8.524996E+3
4.645000E+0	9.014984E+3
4.650000E+0	8.480601E+3
4.655000E+0	8.327685E+3
4.660000E+0	8.949213E+3
4.665000E+0	8.506909E+3
4.670000E+0	8.495399E+3
4.675000E+0	8.927838E+3
4.680000E+0	8.367147E+3
4.685000E+0	8.439494E+3
4.690000E+0	8.843981E+3
4.695000E+0	8.575968E+3
4.700000E+0	8.418119E+3
4.705000E+0	8.715729E+3
4.710000E+0	8.427985E+3
4.715000E+0	8.643382E+3
4.720000E+0	8.842337E+3
4.725000E+0	8.309598E+3
4.730000E+0	8.631872E+3
4.735000E+0	8.901530E+3
4.740000E+0	8.199433E+3
4.745000E+0	8.623651E+3
4.750000E+0	8.993608E+3
4.755000E+0	8.403321E+3
4.760000E+0	8.488822E+3
4.765000E+0	8.862068E+3
4.770000E+0	8.301377E+3
4.775000E+0	8.628584E+3
4.780000E+0	8.699287E+3
4.785000E+0	8.490466E+3
4.790000E+0	8.964012E+3
4.795000E+0	8.776567E+3
4.800000E+0	8.324397E+3
4.805000E+0	8.947569E+3
4.810000E+0	8.758480E+3
4.815000E+0	8.480601E+3
4.820000E+0	8.827539E+3
4.825000E+0	8.867001E+3
4.830000E+0	8.304666E+3
4.835000E+0	8.825894E+3
4.840000E+0	9.092264E+3
4.845000E+0	8.617074E+3
4.850000E+0	8.972233E+3
4.855000E+0	8.837404E+3
4.860000E+0	9.135014E+3
4.865000E+0	9.125149E+3
4.870000E+0	8.896597E+3
4.875000E+0	8.942636E+3
4.880000E+0	8.886732E+3
4.885000E+0	8.492111E+3
4.890000E+0	9.306017E+3
4.895000E+0	9.389874E+3
4.900000E+0	8.595699E+3
4.905000E+0	8.822606E+3
4.910000E+0	9.314238E+3
4.915000E+0	8.797942E+3
4.920000E+0	8.806163E+3
4.925000E+0	9.192563E+3
4.930000E+0	8.845625E+3
4.935000E+0	8.901530E+3
4.940000E+0	9.070888E+3
4.945000E+0	8.682844E+3
4.950000E+0	8.973877E+3
4.955000E+0	8.916328E+3
4.960000E+0	8.617074E+3
4.965000E+0	8.932771E+3
4.970000E+0	9.049513E+3
4.975000E+0	8.510197E+3
4.980000E+0	8.820962E+3
4.985000E+0	9.087331E+3
4.990000E+0	8.510197E+3
4.995000E+0	9.100485E+3
5.000000E+0	9.169544E+3
