applied voltage (volts)	measured current (nanoamps)	measured temperature (deg C)
-3.000000E+0	-4.992421E+3
-2.995000E+0	-4.689879E+3
-2.990000E+0	-4.923363E+3
-2.985000E+0	-4.469548E+3
-2.980000E+0	-4.693167E+3
-2.975000E+0	-4.872391E+3
-2.970000E+0	-4.566559E+3
-2.965000E+0	-4.599445E+3
-2.960000E+0	-4.584646E+3
-2.955000E+0	-4.619176E+3
-2.950000E+0	-4.678369E+3
-2.945000E+0	-4.201535E+3
-2.940000E+0	-3.367898E+3
-2.935000E+0	-3.836510E+3
-2.930000E+0	-4.058485E+3
-2.925000E+0	-3.685239E+3
-2.920000E+0	-3.992715E+3
-2.915000E+0	-4.403778E+3
-2.910000E+0	-3.867751E+3
-2.905000E+0	-4.129188E+3
-2.900000E+0	-4.559982E+3
-2.895000E+0	-4.002580E+3
-2.890000E+0	-4.262372E+3
-2.885000E+0	-4.933228E+3
-2.880000E+0	-4.883901E+3
-2.875000E+0	-5.012153E+3
-2.870000E+0	-5.035172E+3
-2.865000E+0	-4.703033E+3
-2.860000E+0	-4.865814E+3
-2.855000E+0	-4.707965E+3
-2.850000E+0	-4.515588E+3
-2.845000E+0	-4.813198E+3
-2.840000E+0	-4.412000E+3
-2.835000E+0	-4.418577E+3
-2.830000E+0	-4.897055E+3
-2.825000E+0	-4.321566E+3
-2.820000E+0	-4.234420E+3
-2.815000E+0	-4.704677E+3
-2.810000E+0	-4.388980E+3
-2.805000E+0	-4.454750E+3
-2.800000E+0	-4.985844E+3
-2.795000E+0	-3.943387E+3
-2.790000E+0	-4.829640E+3
-2.785000E+0	-5.618882E+3
-2.780000E+0	-5.161780E+3
-2.775000E+0	-4.481058E+3
-2.770000E+0	-5.181511E+3
-2.765000E+0	-4.578069E+3
-2.760000E+0	-4.430086E+3
-2.755000E+0	-5.000643E+3
-2.750000E+0	-4.380759E+3
-2.745000E+0	-4.673436E+3
-2.740000E+0	-4.992421E+3
-2.735000E+0	-4.569848E+3
-2.730000E+0	-4.760582E+3
-2.725000E+0	-5.158491E+3
-2.720000E+0	-4.431731E+3
-2.715000E+0	-4.865814E+3
-2.710000E+0	-5.018730E+3
-2.705000E+0	-4.448173E+3
-2.700000E+0	-4.425154E+3
-2.695000E+0	-4.931584E+3
-2.690000E+0	-4.231132E+3
-2.685000E+0	-4.767159E+3
-2.680000E+0	-4.592868E+3
-2.675000E+0	-4.211401E+3
-2.670000E+0	-4.908564E+3
-2.665000E+0	-4.675080E+3
-2.660000E+0	-4.439952E+3
-2.655000E+0	-4.885545E+3
-2.650000E+0	-5.128895E+3
-2.645000E+0	-5.196309E+3
-2.640000E+0	-5.783308E+3
-2.635000E+0	-5.056547E+3
-2.630000E+0	-4.446529E+3
-2.625000E+0	-5.206175E+3
-2.620000E+0	-4.633974E+3
-2.615000E+0	-4.574781E+3
-2.610000E+0	-5.084500E+3
-2.605000E+0	-4.681657E+3
-2.600000E+0	-4.291969E+3
-2.595000E+0	-4.790178E+3
-2.590000E+0	-4.653705E+3
-2.585000E+0	-4.645484E+3
-2.580000E+0	-4.969402E+3
-2.575000E+0	-4.597800E+3
-2.570000E+0	-4.648772E+3
-2.565000E+0	-4.777024E+3
-2.560000E+0	-4.313344E+3
-2.555000E+0	-4.786890E+3
-2.550000E+0	-4.809909E+3
-2.545000E+0	-4.446529E+3
-2.540000E+0	-4.612599E+3
-2.535000E+0	-4.910209E+3
-2.530000E+0	-4.592868E+3
-2.525000E+0	-4.982556E+3
-2.520000E+0	-4.767159E+3
-2.515000E+0	-4.566560E+3
-2.510000E+0	-4.821419E+3
-2.505000E+0	-4.777024E+3
-2.500000E+0	-4.730985E+3
-2.495000E+0	-5.107519E+3
-2.490000E+0	-4.826352E+3
-2.485000E+0	-4.410355E+3
-2.480000E+0	-5.133827E+3
-2.475000E+0	-4.683302E+3
-2.470000E+0	-4.512299E+3
-2.465000E+0	-5.022018E+3
-2.460000E+0	-4.579714E+3
-2.455000E+0	-4.541896E+3
-2.450000E+0	-4.762226E+3
-2.445000E+0	-4.474481E+3
-2.440000E+0	-4.481058E+3
-2.435000E+0	-4.571492E+3
-2.430000E+0	-4.390624E+3
-2.425000E+0	-4.645484E+3
-2.420000E+0	-4.711254E+3
-2.415000E+0	-4.364316E+3
-2.410000E+0	-4.745783E+3
-2.405000E+0	-4.717831E+3
-2.400000E+0	-4.451462E+3
-2.395000E+0	-4.637262E+3
-2.390000E+0	-4.926651E+3
-2.385000E+0	-4.365960E+3
-2.380000E+0	-4.819775E+3
-2.375000E+0	-4.606022E+3
-2.370000E+0	-4.541896E+3
-2.365000E+0	-4.661926E+3
-2.360000E+0	-4.676725E+3
-2.355000E+0	-4.413644E+3
-2.350000E+0	-4.928295E+3
-2.345000E+0	-4.604377E+3
-2.340000E+0	-4.594512E+3
-2.335000E+0	-4.956248E+3
-2.330000E+0	-4.742495E+3
-2.325000E+0	-4.515588E+3
-2.320000E+0	-4.793467E+3
-2.315000E+0	-4.722764E+3
-2.310000E+0	-4.446529E+3
-2.305000E+0	-4.747427E+3
-2.300000E+0	-4.454750E+3
-2.295000E+0	-4.569848E+3
-2.290000E+0	-4.898699E+3
-2.285000E+0	-4.579714E+3
-2.280000E+0	-4.550117E+3
-2.275000E+0	-4.668503E+3
-2.270000E+0	-4.395557E+3
-2.265000E+0	-4.666859E+3
-2.260000E+0	-4.755649E+3
-2.255000E+0	-4.296902E+3
-2.250000E+0	-4.642195E+3
-2.245000E+0	-4.633974E+3
-2.240000E+0	-4.485991E+3
-2.235000E+0	-4.814842E+3
-2.230000E+0	-4.729341E+3
-2.225000E+0	-4.420221E+3
-2.220000E+0	-4.948027E+3
-2.215000E+0	-4.624108E+3
-2.210000E+0	-4.504078E+3
-2.205000E+0	-5.087788E+3
-2.200000E+0	-4.553405E+3
-2.195000E+0	-4.601089E+3
-2.190000E+0	-5.128895E+3
-2.185000E+0	-4.648772E+3
-2.180000E+0	-4.487635E+3
-2.175000E+0	-5.087788E+3
-2.170000E+0	-4.709610E+3
-2.165000E+0	-4.545184E+3
-2.160000E+0	-4.962825E+3
-2.155000E+0	-4.553405E+3
-2.150000E+0	-4.532030E+3
-2.145000E+0	-5.053259E+3
-2.140000E+0	-4.308412E+3
-2.135000E+0	-4.658638E+3
-2.130000E+0	-4.979267E+3
-2.125000E+0	-4.528742E+3
-2.120000E+0	-4.726052E+3
-2.115000E+0	-4.763870E+3
-2.110000E+0	-4.357739E+3
-2.105000E+0	-4.711254E+3
-2.100000E+0	-4.758937E+3
-2.095000E+0	-4.222910E+3
-2.090000E+0	-4.635618E+3
-2.085000E+0	-4.760582E+3
-2.080000E+0	-4.512299E+3
-2.075000E+0	-4.763870E+3
-2.070000E+0	-4.706321E+3
-2.065000E+0	-4.403778E+3
-2.060000E+0	-4.888833E+3
-2.055000E+0	-4.671792E+3
-2.050000E+0	-4.435019E+3
-2.045000E+0	-4.977623E+3
-2.040000E+0	-4.734273E+3
-2.035000E+0	-4.494212E+3
-2.030000E+0	-5.171645E+3
-2.025000E+0	-4.586291E+3
-2.020000E+0	-4.553405E+3
-2.015000E+0	-4.956248E+3
-2.010000E+0	-4.566559E+3
-2.005000E+0	-4.566559E+3
-2.000000E+0	-4.954604E+3
-1.995000E+0	-4.610954E+3
-1.990000E+0	-4.699744E+3
-1.985000E+0	-4.875679E+3
-1.980000E+0	-4.520520E+3
-1.975000E+0	-4.579714E+3
-1.970000E+0	-4.865814E+3
-1.965000E+0	-4.333075E+3
-1.960000E+0	-4.619176E+3
-1.955000E+0	-4.688234E+3
-1.950000E+0	-4.324854E+3
-1.945000E+0	-4.555050E+3
-1.940000E+0	-4.729341E+3
-1.935000E+0	-4.262372E+3
-1.930000E+0	-4.652061E+3
-1.925000E+0	-4.532030E+3
-1.920000E+0	-4.250863E+3
-1.915000E+0	-4.897055E+3
-1.910000E+0	-4.632330E+3
-1.905000E+0	-4.541896E+3
-1.900000E+0	-4.949671E+3
-1.895000E+0	-4.656993E+3
-1.890000E+0	-4.515588E+3
-1.885000E+0	-4.992421E+3
-1.880000E+0	-4.515588E+3
-1.875000E+0	-4.487635E+3
-1.870000E+0	-4.813198E+3
-1.865000E+0	-4.566559E+3
-1.860000E+0	-4.474481E+3
-1.855000E+0	-4.943094E+3
-1.850000E+0	-4.583002E+3
-1.845000E+0	-4.482703E+3
-1.840000E+0	-4.535319E+3
-1.835000E+0	-4.410355E+3
-1.830000E+0	-4.444885E+3
-1.825000E+0	-4.772091E+3
-1.820000E+0	-4.079860E+3
-1.815000E+0	-4.193314E+3
-1.810000E+0	-4.581358E+3
-1.805000E+0	-4.295257E+3
-1.800000E+0	-4.592868E+3
-1.795000E+0	-4.637262E+3
-1.790000E+0	-4.254151E+3
-1.785000E+0	-4.564915E+3
-1.780000E+0	-4.599445E+3
-1.775000E+0	-4.351162E+3
-1.770000E+0	-4.658638E+3
-1.765000E+0	-4.617531E+3
-1.760000E+0	-4.326498E+3
-1.755000E+0	-4.633974E+3
-1.750000E+0	-4.579714E+3
-1.745000E+0	-4.298546E+3
-1.740000E+0	-4.763870E+3
-1.735000E+0	-4.673436E+3
-1.730000E+0	-4.509011E+3
-1.725000E+0	-4.798399E+3
-1.720000E+0	-4.518876E+3
-1.715000E+0	-4.504078E+3
-1.710000E+0	-4.915141E+3
-1.705000E+0	-4.533674E+3
-1.700000E+0	-4.596156E+3
-1.695000E+0	-4.890478E+3
-1.690000E+0	-4.599445E+3
-1.685000E+0	-4.487635E+3
-1.680000E+0	-4.874035E+3
-1.675000E+0	-4.351162E+3
-1.670000E+0	-4.400490E+3
-1.665000E+0	-4.875679E+3
-1.660000E+0	-4.476126E+3
-1.655000E+0	-4.456394E+3
-1.650000E+0	-4.749072E+3
-1.645000E+0	-4.306767E+3
-1.640000E+0	-4.602733E+3
-1.635000E+0	-4.610954E+3
-1.630000E+0	-4.354451E+3
-1.625000E+0	-4.668503E+3
-1.620000E+0	-4.573137E+3
-1.615000E+0	-4.336364E+3
-1.610000E+0	-4.665215E+3
-1.605000E+0	-4.640551E+3
-1.600000E+0	-4.336364E+3
-1.595000E+0	-4.798399E+3
-1.590000E+0	-4.663571E+3
-1.585000E+0	-4.346229E+3
-1.580000E+0	-4.857593E+3
-1.575000E+0	-4.699744E+3
-1.570000E+0	-4.439952E+3
-1.565000E+0	-4.849371E+3
-1.560000E+0	-4.487635E+3
-1.555000E+0	-4.599445E+3
-1.550000E+0	-4.908564E+3
-1.545000E+0	-4.615887E+3
-1.540000E+0	-4.563271E+3
-1.535000E+0	-4.931584E+3
-1.530000E+0	-4.418577E+3
-1.525000E+0	-4.476126E+3
-1.520000E+0	-4.962825E+3
-1.515000E+0	-4.415288E+3
-1.510000E+0	-4.645484E+3
-1.505000E+0	-4.732629E+3
-1.500000E+0	-4.314989E+3
-1.495000E+0	-4.632330E+3
-1.490000E+0	-4.754005E+3
-1.485000E+0	-4.339652E+3
-1.480000E+0	-4.635618E+3
-1.475000E+0	-4.742495E+3
-1.470000E+0	-4.564915E+3
-1.465000E+0	-4.737562E+3
-1.460000E+0	-4.645484E+3
-1.455000E+0	-4.316633E+3
-1.450000E+0	-4.854304E+3
-1.445000E+0	-4.532030E+3
-1.440000E+0	-4.351162E+3
-1.435000E+0	-4.913497E+3
-1.430000E+0	-4.559982E+3
-1.425000E+0	-4.481058E+3
-1.420000E+0	-4.829640E+3
-1.415000E+0	-4.604377E+3
-1.410000E+0	-4.436663E+3
-1.405000E+0	-4.874035E+3
-1.400000E+0	-4.466260E+3
-1.395000E+0	-4.610954E+3
-1.390000E+0	-4.992421E+3
-1.385000E+0	-4.410355E+3
-1.380000E+0	-4.387336E+3
-1.375000E+0	-4.878968E+3
-1.370000E+0	-4.370893E+3
-1.365000E+0	-4.578069E+3
-1.360000E+0	-4.744139E+3
-1.355000E+0	-4.392269E+3
-1.350000E+0	-4.614243E+3
-1.345000E+0	-4.556694E+3
-1.340000E+0	-4.319921E+3
-1.335000E+0	-4.622464E+3
-1.330000E+0	-4.632330E+3
-1.325000E+0	-4.556694E+3
-1.320000E+0	-4.574781E+3
-1.315000E+0	-4.752360E+3
-1.310000E+0	-4.341297E+3
-1.305000E+0	-4.750716E+3
-1.300000E+0	-4.870747E+3
-1.295000E+0	-4.319921E+3
-1.290000E+0	-4.633974E+3
-1.285000E+0	-4.472837E+3
-1.280000E+0	-4.318277E+3
-1.275000E+0	-4.681657E+3
-1.270000E+0	-4.648772E+3
-1.265000E+0	-4.489280E+3
-1.260000E+0	-4.795111E+3
-1.255000E+0	-4.615887E+3
-1.250000E+0	-4.510655E+3
-1.245000E+0	-4.760582E+3
-1.240000E+0	-4.640551E+3
-1.235000E+0	-4.620820E+3
-1.230000E+0	-4.948027E+3
-1.225000E+0	-4.492568E+3
-1.220000E+0	-4.635618E+3
-1.215000E+0	-4.841150E+3
-1.210000E+0	-4.318277E+3
-1.205000E+0	-4.620820E+3
-1.200000E+0	-4.809909E+3
-1.195000E+0	-4.352806E+3
-1.190000E+0	-4.540251E+3
-1.185000E+0	-4.865814E+3
-1.180000E+0	-4.257440E+3
-1.175000E+0	-4.513943E+3
-1.170000E+0	-4.730985E+3
-1.165000E+0	-4.287036E+3
-1.160000E+0	-4.681657E+3
-1.155000E+0	-4.851016E+3
-1.150000E+0	-4.227843E+3
-1.145000E+0	-4.763870E+3
-1.140000E+0	-4.604377E+3
-1.135000E+0	-2.128130E+3
-1.130000E+0	-3.774029E+3
-1.125000E+0	-4.425154E+3
-1.120000E+0	-4.186737E+3
-1.115000E+0	-4.793467E+3
-1.110000E+0	-4.515588E+3
-1.105000E+0	-4.449817E+3
-1.100000E+0	-5.005575E+3
-1.095000E+0	-4.555050E+3
-1.090000E+0	-4.342941E+3
-1.085000E+0	-4.931584E+3
-1.080000E+0	-4.643839E+3
-1.075000E+0	-4.329787E+3
-1.070000E+0	-4.982556E+3
-1.065000E+0	-4.573137E+3
-1.060000E+0	-4.421865E+3
-1.055000E+0	-4.954604E+3
-1.050000E+0	-4.484347E+3
-1.045000E+0	-4.387336E+3
-1.040000E+0	-4.928296E+3
-1.035000E+0	-4.472837E+3
-1.030000E+0	-4.375826E+3
-1.025000E+0	-4.749072E+3
-1.020000E+0	-4.372537E+3
-1.015000E+0	-4.532030E+3
-1.010000E+0	-4.788534E+3
-1.005000E+0	-4.362672E+3
-1.000000E+0	-4.520520E+3
-9.950000E-1	-4.722764E+3
-9.900000E-1	-4.369249E+3
-9.850000E-1	-4.515588E+3
-9.800000E-1	-4.622464E+3
-9.750000E-1	-4.143986E+3
-9.700000E-1	-4.739206E+3
-9.650000E-1	-4.606022E+3
-9.600000E-1	-4.374182E+3
-9.550000E-1	-4.676725E+3
-9.500000E-1	-4.612599E+3
-9.450000E-1	-4.234420E+3
-9.400000E-1	-4.852660E+3
-9.350000E-1	-4.586291E+3
-9.300000E-1	-4.402134E+3
-9.250000E-1	-4.836217E+3
-9.200000E-1	-4.721119E+3
-9.150000E-1	-4.245930E+3
-9.100000E-1	-4.770447E+3
-9.050000E-1	-4.706321E+3
-9.000000E-1	-4.318277E+3
-8.950000E-1	-4.882256E+3
-8.900000E-1	-4.630685E+3
-8.850000E-1	-4.362672E+3
-8.800000E-1	-4.673436E+3
-8.750000E-1	-4.754005E+3
-8.700000E-1	-4.295257E+3
-8.650000E-1	-4.806621E+3
-8.600000E-1	-4.163717E+3
-8.550000E-1	-3.900636E+3
-8.500000E-1	-5.204530E+3
-8.450000E-1	-4.346229E+3
-8.400000E-1	-4.918430E+3
-8.350000E-1	-4.911853E+3
-8.300000E-1	-4.459683E+3
-8.250000E-1	-4.581358E+3
-8.200000E-1	-4.851016E+3
-8.150000E-1	-4.484347E+3
-8.100000E-1	-4.629041E+3
-8.050000E-1	-4.796755E+3
-8.000000E-1	-4.500789E+3
-7.950000E-1	-4.800044E+3
-7.900000E-1	-4.352806E+3
-7.850000E-1	-4.073283E+3
-7.800000E-1	-4.704677E+3
-7.750000E-1	-4.596156E+3
-7.700000E-1	-4.351162E+3
-7.650000E-1	-4.750716E+3
-7.600000E-1	-4.518876E+3
-7.550000E-1	-4.632330E+3
-7.500000E-1	-4.903632E+3
-7.450000E-1	-4.665215E+3
-7.400000E-1	-4.561627E+3
-7.350000E-1	-4.943094E+3
-7.300000E-1	-4.703033E+3
-7.250000E-1	-4.362672E+3
-7.200000E-1	-4.844439E+3
-7.150000E-1	-4.551761E+3
-7.100000E-1	-4.313344E+3
-7.050000E-1	-5.015441E+3
-7.000000E-1	-4.471193E+3
-6.950000E-1	-4.472837E+3
-6.900000E-1	-4.852660E+3
-6.850000E-1	-4.528742E+3
-6.800000E-1	-4.458039E+3
-6.750000E-1	-4.875679E+3
-6.700000E-1	-4.402134E+3
-6.650000E-1	-4.349518E+3
-6.600000E-1	-4.887189E+3
-6.550000E-1	-4.316633E+3
-6.500000E-1	-4.647128E+3
-6.450000E-1	-4.921718E+3
-6.400000E-1	-4.361028E+3
-6.350000E-1	-4.735918E+3
-6.300000E-1	-4.763870E+3
-6.250000E-1	-4.264017E+3
-6.200000E-1	-4.675080E+3
-6.150000E-1	-4.742495E+3
-6.100000E-1	-4.264017E+3
-6.050000E-1	-4.790178E+3
-6.000000E-1	-4.589579E+3
-5.950000E-1	-4.338008E+3
-5.900000E-1	-4.888833E+3
-5.850000E-1	-4.382403E+3
-5.800000E-1	-4.487635E+3
-5.750000E-1	-4.505722E+3
-5.700000E-1	-4.509011E+3
-5.650000E-1	-4.688234E+3
-5.600000E-1	-4.897055E+3
-5.550000E-1	-4.578069E+3
-5.500000E-1	-4.484347E+3
-5.450000E-1	-5.022018E+3
-5.400000E-1	-4.517232E+3
-5.350000E-1	-4.471193E+3
-5.300000E-1	-5.056547E+3
-5.250000E-1	-4.587935E+3
-5.200000E-1	-4.449817E+3
-5.150000E-1	-4.994066E+3
-5.100000E-1	-4.439952E+3
-5.050000E-1	-4.436663E+3
-5.000000E-1	-4.688234E+3
-4.950000E-1	-4.505722E+3
-4.900000E-1	-4.561627E+3
-4.850000E-1	-4.652061E+3
-4.800000E-1	-4.408711E+3
-4.750000E-1	-4.464616E+3
-4.700000E-1	-4.688234E+3
-4.650000E-1	-4.314989E+3
-4.600000E-1	-4.754005E+3
-4.550000E-1	-4.665215E+3
-4.500000E-1	-4.530386E+3
-4.450000E-1	-4.767159E+3
-4.400000E-1	-4.615887E+3
-4.350000E-1	-4.372537E+3
-4.300000E-1	-4.686590E+3
-4.250000E-1	-4.482703E+3
-4.200000E-1	-4.324854E+3
-4.150000E-1	-4.928295E+3
-4.100000E-1	-4.573137E+3
-4.050000E-1	-4.510655E+3
-4.000000E-1	-4.831284E+3
-3.950000E-1	-4.446529E+3
-3.900000E-1	-4.446529E+3
-3.850000E-1	-4.867458E+3
-3.800000E-1	-4.398846E+3
-3.750000E-1	-4.530386E+3
-3.700000E-1	-4.791822E+3
-3.650000E-1	-4.527097E+3
-3.600000E-1	-4.576425E+3
-3.550000E-1	-4.969402E+3
-3.500000E-1	-4.435019E+3
-3.450000E-1	-4.446529E+3
-3.400000E-1	-4.819775E+3
-3.350000E-1	-4.515588E+3
-3.300000E-1	-4.601089E+3
-3.250000E-1	-4.721119E+3
-3.200000E-1	-4.453106E+3
-3.150000E-1	-4.612599E+3
-3.100000E-1	-4.614243E+3
-3.050000E-1	-4.257440E+3
-3.000000E-1	-4.584646E+3
-2.950000E-1	-4.528742E+3
-2.900000E-1	-4.106168E+3
-2.850000E-1	-4.742495E+3
-2.800000E-1	-4.425154E+3
-2.750000E-1	-4.107812E+3
-2.700000E-1	-4.823063E+3
-2.650000E-1	-4.323210E+3
-2.600000E-1	-4.093014E+3
-2.550000E-1	-4.622464E+3
-2.500000E-1	-4.328143E+3
-2.450000E-1	-4.209756E+3
-2.400000E-1	-4.985844E+3
-2.350000E-1	-4.377470E+3
-2.300000E-1	-4.301835E+3
-2.250000E-1	-4.800044E+3
-2.200000E-1	-4.375826E+3
-2.150000E-1	-4.342941E+3
-2.100000E-1	-4.767159E+3
-2.050000E-1	-4.321566E+3
-2.000000E-1	-4.517232E+3
-1.950000E-1	-4.494212E+3
-1.900000E-1	-3.987782E+3
-1.850000E-1	-4.167006E+3
-1.800000E-1	-4.553405E+3
-1.750000E-1	-4.236064E+3
-1.700000E-1	-4.033821E+3
-1.650000E-1	-4.587935E+3
-1.600000E-1	-4.066706E+3
-1.550000E-1	-4.252507E+3
-1.500000E-1	-4.369249E+3
-1.450000E-1	-3.953253E+3
-1.400000E-1	-4.543540E+3
-1.350000E-1	-4.504078E+3
-1.300000E-1	-3.903925E+3
-1.250000E-1	-4.311700E+3
-1.200000E-1	-4.264017E+3
-1.150000E-1	-4.027244E+3
-1.100000E-1	-4.319921E+3
-1.050000E-1	-4.277171E+3
-1.000000E-1	-3.956541E+3
-9.500000E-2	-4.584646E+3
-9.000000E-2	-4.267305E+3
-8.500000E-2	-4.078216E+3
-8.000000E-2	-4.398846E+3
-7.500000E-2	-4.073283E+3
-7.000000E-2	-4.168650E+3
-6.500000E-2	-4.423509E+3
-6.000000E-2	-4.000936E+3
-5.500000E-2	-3.803625E+3
-5.000000E-2	-4.385691E+3
-4.500000E-2	-4.060129E+3
-4.000000E-2	-3.839799E+3
-3.500000E-2	-4.374182E+3
-3.000000E-2	-4.012446E+3
-2.500000E-2	-4.055196E+3
-2.000000E-2	-4.362672E+3
-1.500000E-2	-3.749365E+3
-1.000000E-2	-3.852953E+3
-5.000000E-3	-4.236064E+3
-4.181204E-14	-3.729634E+3
5.000000E-3	-4.046975E+3
1.000000E-2	-4.096303E+3
1.500000E-2	-3.795404E+3
2.000000E-2	-3.925300E+3
2.500000E-2	-4.012446E+3
3.000000E-2	-3.532323E+3
3.500000E-2	-3.874328E+3
4.000000E-2	-3.752653E+3
4.500000E-2	-3.397494E+3
5.000000E-2	-3.971339E+3
5.500000E-2	-3.922012E+3
6.000000E-2	-3.461620E+3
6.500000E-2	-3.954897E+3
7.000000E-2	-3.834866E+3
7.500000E-2	-3.295551E+3
8.000000E-2	-3.788827E+3
8.500000E-2	-3.655642E+3
9.000000E-2	-3.445178E+3
9.500000E-2	-3.984493E+3
1.000000E-1	-3.818424E+3
1.050000E-1	-3.451755E+3
1.100000E-1	-3.820068E+3
1.150000E-1	-3.683595E+3
1.200000E-1	-3.404072E+3
1.250000E-1	-3.834866E+3
1.300000E-1	-3.200184E+3
1.350000E-1	-3.349811E+3
1.400000E-1	-3.872684E+3
1.450000E-1	-3.474774E+3
1.500000E-1	-3.677018E+3
1.550000E-1	-3.455043E+3
1.600000E-1	-3.233069E+3
1.650000E-1	-3.395850E+3
1.700000E-1	-3.486284E+3
1.750000E-1	-3.234713E+3
1.800000E-1	-3.310349E+3
1.850000E-1	-3.471486E+3
1.900000E-1	-3.078509E+3
1.950000E-1	-3.244579E+3
2.000000E-1	-3.310349E+3
2.050000E-1	-2.988075E+3
2.100000E-1	-3.282397E+3
2.150000E-1	-3.346523E+3
2.200000E-1	-2.945324E+3
2.250000E-1	-3.394206E+3
2.300000E-1	-3.201828E+3
2.350000E-1	-2.892708E+3
2.400000E-1	-3.310349E+3
2.450000E-1	-3.043980E+3
2.500000E-1	-2.705263E+3
2.550000E-1	-3.387629E+3
2.600000E-1	-3.047268E+3
2.650000E-1	-2.932170E+3
2.700000E-1	-3.284041E+3
2.750000E-1	-3.085086E+3
2.800000E-1	-2.997941E+3
2.850000E-1	-3.339946E+3
2.900000E-1	-3.012739E+3
2.950000E-1	-2.899285E+3
3.000000E-1	-4.458039E+3
3.050000E-1	-2.868045E+3
3.100000E-1	-2.932170E+3
3.150000E-1	-3.292262E+3
3.200000E-1	-2.595098E+3
3.250000E-1	-3.175520E+3
3.300000E-1	-3.308705E+3
3.350000E-1	-2.894353E+3
3.400000E-1	-2.606608E+3
3.450000E-1	-2.904218E+3
3.500000E-1	-2.623051E+3
3.550000E-1	-2.780899E+3
3.600000E-1	-2.856535E+3
3.650000E-1	-2.577011E+3
3.700000E-1	-2.874622E+3
3.750000E-1	-2.879554E+3
3.800000E-1	-2.420807E+3
3.850000E-1	-2.734860E+3
3.900000E-1	-2.822005E+3
3.950000E-1	-2.603320E+3
4.000000E-1	-2.871333E+3
4.050000E-1	-2.912439E+3
4.100000E-1	-2.481645E+3
4.150000E-1	-2.794053E+3
4.200000E-1	-2.506308E+3
4.250000E-1	-2.481645E+3
4.300000E-1	-2.879554E+3
4.350000E-1	-2.751302E+3
4.400000E-1	-2.427384E+3
4.450000E-1	-3.080153E+3
4.500000E-1	-2.604964E+3
4.550000E-1	-2.425740E+3
4.600000E-1	-3.066999E+3
4.650000E-1	-2.540838E+3
4.700000E-1	-2.407653E+3
4.750000E-1	-2.905862E+3
4.800000E-1	-2.437250E+3
4.850000E-1	-2.425740E+3
4.900000E-1	-2.948613E+3
4.950000E-1	-2.572079E+3
5.000000E-1	-2.470135E+3
5.050000E-1	-2.833515E+3
5.100000E-1	-2.368191E+3
5.150000E-1	-2.626339E+3
5.200000E-1	-2.761168E+3
5.250000E-1	-2.350104E+3
5.300000E-1	-2.557280E+3
5.350000E-1	-2.577011E+3
5.400000E-1	-2.323796E+3
5.450000E-1	-2.553992E+3
5.500000E-1	-2.476712E+3
5.550000E-1	-2.397788E+3
5.600000E-1	-2.741437E+3
5.650000E-1	-2.603319E+3
5.700000E-1	-2.175813E+3
5.750000E-1	-2.938747E+3
5.800000E-1	-2.530972E+3
5.850000E-1	-2.146217E+3
5.900000E-1	-2.863112E+3
5.950000E-1	-2.417519E+3
6.000000E-1	-2.512885E+3
6.050000E-1	-2.771033E+3
6.100000E-1	-2.475068E+3
6.150000E-1	-2.549059E+3
6.200000E-1	-2.856535E+3
6.250000E-1	-2.320508E+3
6.300000E-1	-2.297488E+3
6.350000E-1	-2.981498E+3
6.400000E-1	-2.366547E+3
6.450000E-1	-2.235006E+3
6.500000E-1	-2.539194E+3
6.550000E-1	-1.894646E+3
6.600000E-1	-2.343527E+3
6.650000E-1	-2.611541E+3
6.700000E-1	-2.105110E+3
6.750000E-1	-2.419163E+3
6.800000E-1	-2.664157E+3
6.850000E-1	-2.170881E+3
6.900000E-1	-2.274469E+3
6.950000E-1	-2.333662E+3
7.000000E-1	-2.205410E+3
7.050000E-1	-2.447115E+3
7.100000E-1	-2.470135E+3
7.150000E-1	-2.167592E+3
7.200000E-1	-2.553992E+3
7.250000E-1	-2.332017E+3
7.300000E-1	-2.031119E+3
7.350000E-1	-2.529328E+3
7.400000E-1	-2.264603E+3
7.450000E-1	-2.057427E+3
7.500000E-1	-2.575367E+3
7.550000E-1	-2.233362E+3
7.600000E-1	-2.210343E+3
7.650000E-1	-2.724994E+3
7.700000E-1	-2.262959E+3
7.750000E-1	-2.121553E+3
7.800000E-1	-2.598387E+3
7.850000E-1	-2.177458E+3
7.900000E-1	-2.021253E+3
7.950000E-1	-2.535905E+3
8.000000E-1	-1.879847E+3
8.050000E-1	-2.011388E+3
8.100000E-1	-2.580300E+3
8.150000E-1	-2.100178E+3
8.200000E-1	-2.287623E+3
8.250000E-1	-2.473423E+3
8.300000E-1	-1.962060E+3
8.350000E-1	-2.169236E+3
8.400000E-1	-2.410942E+3
8.450000E-1	-2.062360E+3
8.500000E-1	-2.425740E+3
8.550000E-1	-2.308998E+3
8.600000E-1	-1.894646E+3
8.650000E-1	-2.312286E+3
8.700000E-1	-2.106755E+3
8.750000E-1	-2.055783E+3
8.800000E-1	-2.593454E+3
8.850000E-1	-2.090312E+3
8.900000E-1	-1.934108E+3
8.950000E-1	-2.470135E+3
9.000000E-1	-2.129774E+3
9.050000E-1	-2.106755E+3
9.100000E-1	-2.435606E+3
9.150000E-1	-2.123197E+3
9.200000E-1	-1.978503E+3
9.250000E-1	-2.348460E+3
9.300000E-1	-1.960416E+3
9.350000E-1	-1.960416E+3
9.400000E-1	-2.277757E+3
9.450000E-1	-2.075514E+3
9.500000E-1	-1.978503E+3
9.550000E-1	-2.244872E+3
9.600000E-1	-1.899579E+3
9.650000E-1	-2.009744E+3
9.700000E-1	-2.276113E+3
9.750000E-1	-1.838741E+3
9.800000E-1	-2.095245E+3
9.850000E-1	-2.064004E+3
9.900000E-1	-1.863405E+3
9.950000E-1	-2.156082E+3
1.000000E+0	-2.121553E+3
1.005000E+0	-1.855184E+3
1.010000E+0	-2.157726E+3
1.015000E+0	-1.985080E+3
1.020000E+0	-1.993301E+3
1.025000E+0	-2.292555E+3
1.030000E+0	-1.970281E+3
1.035000E+0	-1.876559E+3
1.040000E+0	-2.215275E+3
1.045000E+0	-1.994945E+3
1.050000E+0	-1.848607E+3
1.055000E+0	-2.397788E+3
1.060000E+0	-2.144572E+3
1.065000E+0	-2.070581E+3
1.070000E+0	-2.359970E+3
1.075000E+0	-1.768038E+3
1.080000E+0	-1.942329E+3
1.085000E+0	-2.065648E+3
1.090000E+0	-1.759817E+3
1.095000E+0	-2.006455E+3
1.100000E+0	-2.238295E+3
1.105000E+0	-1.715422E+3
1.110000E+0	-1.754884E+3
1.115000E+0	-1.966993E+3
1.120000E+0	-1.815722E+3
1.125000E+0	-1.901223E+3
1.130000E+0	-2.156082E+3
1.135000E+0	-1.792702E+3
1.140000E+0	-1.962060E+3
1.145000E+0	-1.973570E+3
1.150000E+0	-1.608545E+3
1.155000E+0	-2.031119E+3
1.160000E+0	-1.943973E+3
1.165000E+0	-1.695691E+3
1.170000E+0	-2.164304E+3
1.175000E+0	-1.629921E+3
1.180000E+0	-1.656229E+3
1.185000E+0	-1.981791E+3
1.190000E+0	-1.795990E+3
1.195000E+0	-1.723643E+3
1.200000E+0	-2.080447E+3
1.205000E+0	-1.999878E+3
1.210000E+0	-1.646363E+3
1.215000E+0	-1.980147E+3
1.220000E+0	-1.738442E+3
1.225000E+0	-1.672671E+3
1.230000E+0	-2.185679E+3
1.235000E+0	-1.516467E+3
1.240000E+0	-1.743374E+3
1.245000E+0	-2.119909E+3
1.250000E+0	-1.547708E+3
1.255000E+0	-2.739793E+3
1.260000E+0	-3.801981E+3
1.265000E+0	-2.853246E+3
1.270000E+0	-2.073870E+3
1.275000E+0	-2.274469E+3
1.280000E+0	-1.863405E+3
1.285000E+0	-1.437543E+3
1.290000E+0	-1.758173E+3
1.295000E+0	-1.378350E+3
1.300000E+0	-1.702268E+3
1.305000E+0	-1.725288E+3
1.310000E+0	-1.416168E+3
1.315000E+0	-1.723643E+3
1.320000E+0	-1.628277E+3
1.325000E+0	-1.333955E+3
1.330000E+0	-1.771327E+3
1.335000E+0	-1.419456E+3
1.340000E+0	-1.495092E+3
1.345000E+0	-2.009744E+3
1.350000E+0	-1.546064E+3
1.355000E+0	-1.547708E+3
1.360000E+0	-1.850251E+3
1.365000E+0	-1.583882E+3
1.370000E+0	-1.490159E+3
1.375000E+0	-1.906156E+3
1.380000E+0	-1.529621E+3
1.385000E+0	-1.611834E+3
1.390000E+0	-1.843674E+3
1.395000E+0	-1.626632E+3
1.400000E+0	-1.799279E+3
1.405000E+0	-1.766394E+3
1.410000E+0	-1.442476E+3
1.415000E+0	-1.577305E+3
1.420000E+0	-1.802568E+3
1.425000E+0	-1.189261E+3
1.430000E+0	-1.493448E+3
1.435000E+0	-1.774615E+3
1.440000E+0	-1.291204E+3
1.445000E+0	-1.603613E+3
1.450000E+0	-1.700624E+3
1.455000E+0	-1.363552E+3
1.460000E+0	-1.578949E+3
1.465000E+0	-1.740086E+3
1.470000E+0	-1.167885E+3
1.475000E+0	-1.572372E+3
1.480000E+0	-1.659517E+3
1.485000E+0	-1.065941E+3
1.490000E+0	-1.618411E+3
1.495000E+0	-1.667739E+3
1.500000E+0	-1.253386E+3
1.505000E+0	-1.620055E+3
1.510000E+0	-1.569083E+3
1.515000E+0	-1.309291E+3
1.520000E+0	-1.791058E+3
1.525000E+0	-1.657873E+3
1.530000E+0	-1.148154E+3
1.535000E+0	-1.988368E+3
1.540000E+0	-1.559218E+3
1.545000E+0	-1.434254E+3
1.550000E+0	-1.766394E+3
1.555000E+0	-1.381638E+3
1.560000E+0	-1.345465E+3
1.565000E+0	-1.611834E+3
1.570000E+0	-1.230367E+3
1.575000E+0	-1.384927E+3
1.580000E+0	-1.437543E+3
1.585000E+0	-1.095538E+3
1.590000E+0	-1.296137E+3
1.595000E+0	-1.597036E+3
1.600000E+0	-9.442666E+2
1.605000E+0	-1.314224E+3
1.610000E+0	-1.583882E+3
1.615000E+0	-1.019902E+3
1.620000E+0	-1.333955E+3
1.625000E+0	-1.643075E+3
1.630000E+0	-1.029768E+3
1.635000E+0	-1.292849E+3
1.640000E+0	-1.495092E+3
1.645000E+0	-1.064297E+3
1.650000E+0	-1.491803E+3
1.655000E+0	-1.207347E+3
1.660000E+0	-1.046210E+3
1.665000E+0	-1.424389E+3
1.670000E+0	-1.365196E+3
1.675000E+0	-1.098827E+3
1.680000E+0	-1.536198E+3
1.685000E+0	-1.286272E+3
1.690000E+0	-1.087317E+3
1.695000E+0	-1.628277E+3
1.700000E+0	-1.131712E+3
1.705000E+0	-1.033056E+3
1.710000E+0	-1.707201E+3
1.715000E+0	-1.144866E+3
1.720000E+0	-9.607092E+2
1.725000E+0	-1.518111E+3
1.730000E+0	-1.034701E+3
1.735000E+0	-1.195838E+3
1.740000E+0	-1.460563E+3
1.745000E+0	-8.456113E+2
1.750000E+0	-1.264896E+3
1.755000E+0	-1.333955E+3
1.760000E+0	-8.160147E+2
1.765000E+0	-1.251742E+3
1.770000E+0	-1.322445E+3
1.775000E+0	-9.491994E+2
1.780000E+0	-1.317512E+3
1.785000E+0	-9.919500E+2
1.790000E+0	-9.245356E+2
1.795000E+0	-1.312580E+3
1.800000E+0	-1.199126E+3
1.805000E+0	-9.228913E+2
1.810000E+0	-1.289560E+3
1.815000E+0	-1.473717E+3
1.820000E+0	-1.003460E+3
1.825000E+0	-1.417812E+3
1.830000E+0	-1.199126E+3
1.835000E+0	-8.883620E+2
1.840000E+0	-1.577305E+3
1.845000E+0	-6.121272E+2
1.850000E+0	-7.633986E+2
1.855000E+0	-1.207347E+3
1.860000E+0	-7.453118E+2
1.865000E+0	-6.055502E+2
1.870000E+0	-1.166241E+3
1.875000E+0	-8.620539E+2
1.880000E+0	-9.491994E+2
1.885000E+0	-1.355330E+3
1.890000E+0	-7.288693E+2
1.895000E+0	-1.185972E+3
1.900000E+0	-1.093894E+3
1.905000E+0	-6.450123E+2
1.910000E+0	-1.098827E+3
1.915000E+0	-1.345465E+3
1.920000E+0	-6.680319E+2
1.925000E+0	-1.110336E+3
1.930000E+0	-1.181039E+3
1.935000E+0	-7.650429E+2
1.940000E+0	-1.102115E+3
1.945000E+0	-1.097182E+3
1.950000E+0	-7.387348E+2
1.955000E+0	-1.434254E+3
1.960000E+0	-8.850735E+2
1.965000E+0	-6.170600E+2
1.970000E+0	-1.103759E+3
1.975000E+0	-8.604096E+2
1.980000E+0	-8.867177E+2
1.985000E+0	-1.388215E+3
1.990000E+0	-1.059364E+3
1.995000E+0	-9.738632E+2
2.000000E+0	-1.343820E+3
2.005000E+0	-1.003460E+3
2.010000E+0	-6.647433E+2
2.015000E+0	-1.258319E+3
2.020000E+0	-1.056076E+3
2.025000E+0	-7.650429E+2
2.030000E+0	-1.123490E+3
2.035000E+0	-8.488998E+2
2.040000E+0	-7.650429E+2
2.045000E+0	-1.253386E+3
2.050000E+0	-6.532335E+2
2.055000E+0	-9.442666E+2
2.060000E+0	-1.185972E+3
2.065000E+0	-5.677323E+2
2.070000E+0	-1.084028E+3
2.075000E+0	-9.031602E+2
2.080000E+0	-5.775978E+2
2.085000E+0	-1.090605E+3
2.090000E+0	-7.387348E+2
2.095000E+0	-6.022617E+2
2.100000E+0	-1.070874E+3
2.105000E+0	-1.023191E+3
2.110000E+0	-7.551773E+2
2.115000E+0	-1.279695E+3
2.120000E+0	-8.883619E+2
2.125000E+0	-7.502446E+2
2.130000E+0	-1.238588E+3
2.135000E+0	-7.798411E+2
2.140000E+0	-7.453118E+2
2.145000E+0	-1.057720E+3
2.150000E+0	-6.252812E+2
2.155000E+0	-6.071944E+2
2.160000E+0	-1.230367E+3
2.165000E+0	-7.864182E+2
2.170000E+0	-5.529340E+2
2.175000E+0	-1.049499E+3
2.180000E+0	-5.907519E+2
2.185000E+0	-6.417238E+2
2.190000E+0	-1.315868E+3
2.195000E+0	-6.433680E+2
2.200000E+0	-7.288693E+2
2.205000E+0	-1.075807E+3
2.210000E+0	-5.332030E+2
2.215000E+0	-7.502446E+2
2.220000E+0	-1.019902E+3
2.225000E+0	-5.611553E+2
2.230000E+0	-7.781969E+2
2.235000E+0	-8.719194E+2
2.240000E+0	-4.740098E+2
2.245000E+0	-9.952385E+2
2.250000E+0	-9.393338E+2
2.255000E+0	-7.584658E+2
2.260000E+0	-9.015160E+2
2.265000E+0	-6.515893E+2
2.270000E+0	-2.027078E+2
2.275000E+0	-1.051143E+3
2.280000E+0	-7.650429E+2
2.285000E+0	-2.783435E+2
2.290000E+0	-1.080740E+3
2.295000E+0	-7.436676E+2
2.300000E+0	-4.411247E+2
2.305000E+0	-3.066999E+3
2.310000E+0	-8.439671E+2
2.315000E+0	-4.650361E+1
2.320000E+0	-1.278050E+3
2.325000E+0	-6.137714E+2
2.330000E+0	-5.956846E+2
2.335000E+0	-1.141577E+3
2.340000E+0	-4.394805E+2
2.345000E+0	-5.923961E+2
2.350000E+0	-8.456113E+2
2.355000E+0	-6.203485E+2
2.360000E+0	-2.635452E+2
2.365000E+0	-7.321578E+2
2.370000E+0	-2.684780E+2
2.375000E+0	-5.036064E+2
2.380000E+0	-4.230379E+2
2.385000E+0	-2.701222E+2
2.390000E+0	2.824026E+0
2.395000E+0	-5.891076E+2
2.400000E+0	-3.917971E+2
2.405000E+0	-6.384353E+2
2.410000E+0	-6.861186E+2
2.415000E+0	-4.592115E+2
2.420000E+0	-6.400795E+2
2.425000E+0	-4.542788E+2
2.430000E+0	-2.799878E+2
2.435000E+0	-8.012165E+2
2.440000E+0	-5.085392E+2
2.445000E+0	-3.079401E+2
2.450000E+0	-8.735637E+2
2.455000E+0	-4.838753E+2
2.460000E+0	-5.052506E+2
2.465000E+0	-7.370905E+2
2.470000E+0	-5.512898E+2
2.475000E+0	-3.967298E+2
2.480000E+0	-7.601101E+2
2.485000E+0	-5.562225E+2
2.490000E+0	-4.181051E+2
2.495000E+0	-7.897067E+2
2.500000E+0	-3.112286E+2
2.505000E+0	-5.332030E+2
2.510000E+0	-6.515893E+2
2.515000E+0	-4.131724E+2
2.520000E+0	-5.052506E+2
2.525000E+0	-5.874634E+2
2.530000E+0	-4.131724E+2
2.535000E+0	-3.934413E+2
2.540000E+0	-6.630991E+2
2.545000E+0	-3.391809E+2
2.550000E+0	-5.381357E+2
2.555000E+0	-5.726651E+2
2.560000E+0	-2.503912E+2
2.565000E+0	-5.299145E+2
2.570000E+0	-2.734108E+2
2.575000E+0	-3.802873E+2
2.580000E+0	-6.384353E+2
2.585000E+0	-3.506907E+2
2.590000E+0	-5.480013E+2
2.595000E+0	-5.677323E+2
2.600000E+0	-5.397800E+2
2.605000E+0	-3.243826E+2
2.610000E+0	-7.469561E+2
2.615000E+0	-2.980746E+2
2.620000E+0	-2.980746E+2
2.625000E+0	-6.861186E+2
2.630000E+0	-2.849205E+2
2.635000E+0	-1.632457E+2
2.640000E+0	-8.883620E+2
2.645000E+0	-1.550244E+2
2.650000E+0	-4.460575E+2
2.655000E+0	-5.677323E+2
2.660000E+0	-7.486003E+2
2.665000E+0	2.824037E+0
2.670000E+0	-4.772983E+2
2.675000E+0	-9.583124E+1
2.680000E+0	1.762233E+1
2.685000E+0	-3.556235E+2
2.690000E+0	-5.414243E+2
2.695000E+0	-7.774446E+1
2.700000E+0	-2.882091E+2
2.705000E+0	-8.685768E+0
2.710000E+0	-3.490465E+2
2.715000E+0	-2.635452E+2
2.720000E+0	1.146333E+2
2.725000E+0	-9.080930E+2
2.730000E+0	-2.980746E+2
2.735000E+0	-1.468032E+2
2.740000E+0	-3.917971E+2
2.745000E+0	-1.056968E+2
2.750000E+0	3.004341E+2
2.755000E+0	-5.003179E+2
2.760000E+0	-2.240831E+2
2.765000E+0	-9.583126E+1
2.770000E+0	-4.329034E+2
2.775000E+0	1.771150E+2
2.780000E+0	-2.224388E+2
2.785000E+0	-3.802873E+2
2.790000E+0	-1.681784E+2
2.795000E+0	-1.566687E+2
2.800000E+0	-5.545783E+2
2.805000E+0	2.419934E+1
2.810000E+0	-1.139180E+2
2.815000E+0	-3.556235E+2
2.820000E+0	-1.221393E+2
2.825000E+0	-1.977750E+2
2.830000E+0	-1.237836E+2
2.835000E+0	1.409414E+2
2.840000E+0	-2.569682E+2
2.845000E+0	-3.095843E+2
2.850000E+0	6.859422E+1
2.855000E+0	-4.033069E+2
2.860000E+0	-3.276711E+2
2.865000E+0	1.597807E+1
2.870000E+0	-3.523350E+2
2.875000E+0	-2.619010E+2
2.880000E+0	-4.979211E+1
2.885000E+0	-4.822311E+2
2.890000E+0	-3.868643E+2
2.895000E+0	-2.183978E+1
2.900000E+0	-3.079401E+2
2.905000E+0	-1.418704E+2
2.910000E+0	-5.472487E+1
2.915000E+0	-4.953851E+2
2.920000E+0	8.010400E+1
2.925000E+0	-3.752982E+0
2.930000E+0	-4.805868E+2
2.935000E+0	4.886316E+1
2.940000E+0	3.242062E+1
2.945000E+0	-3.128728E+2
2.950000E+0	-2.183978E+1
2.955000E+0	1.104531E+1
2.960000E+0	-3.506907E+2
2.965000E+0	-1.526277E+1
2.970000E+0	-1.533802E+2
2.975000E+0	-3.128728E+2
2.980000E+0	6.037294E+1
2.985000E+0	-1.681784E+2
2.990000E+0	-2.405256E+2
2.995000E+0	2.149329E+2
3.000000E+0	-2.191503E+2
3.005000E+0	-3.556235E+2
3.010000E+0	1.688937E+2
3.015000E+0	-2.487469E+2
3.020000E+0	-3.128728E+2
3.025000E+0	1.097006E+2
3.030000E+0	-2.290159E+2
3.035000E+0	5.215167E+1
3.040000E+0	7.517123E+1
3.045000E+0	-4.641443E+2
3.050000E+0	-4.321510E+1
3.055000E+0	2.165771E+2
3.060000E+0	-3.917971E+2
3.065000E+0	-2.108738E+0
3.070000E+0	1.738265E+2
3.075000E+0	-5.003179E+2
3.080000E+0	1.524512E+2
3.085000E+0	1.261431E+2
3.090000E+0	-4.756541E+2
3.095000E+0	4.228614E+1
3.100000E+0	-2.841680E+1
3.105000E+0	-2.997188E+2
3.110000E+0	6.201720E+1
3.115000E+0	1.656052E+2
3.120000E+0	-1.155623E+2
3.125000E+0	4.393040E+1
3.130000E+0	7.023848E+1
3.135000E+0	-1.681784E+2
3.140000E+0	9.325804E+1
3.145000E+0	1.919133E+2
3.150000E+0	-2.421699E+2
3.155000E+0	2.100001E+2
3.160000E+0	1.294316E+2
3.165000E+0	-2.602567E+2
3.170000E+0	1.392972E+2
3.175000E+0	-4.650361E+1
3.180000E+0	-3.828234E+1
3.185000E+0	2.330197E+2
3.190000E+0	-1.796882E+2
3.195000E+0	-7.445594E+1
3.200000E+0	1.771150E+2
3.205000E+0	-1.566687E+2
3.210000E+0	-8.685753E+0
3.215000E+0	1.508069E+2
3.220000E+0	-3.539792E+2
3.225000E+0	-7.116743E+1
3.230000E+0	7.352698E+1
3.235000E+0	-1.533802E+2
3.240000E+0	-4.485935E+1
3.245000E+0	6.037294E+1
3.250000E+0	-2.010635E+2
3.255000E+0	8.010400E+1
3.260000E+0	1.392972E+2
3.265000E+0	-4.016626E+2
3.270000E+0	2.626163E+2
3.275000E+0	-3.752978E+0
3.280000E+0	-1.435146E+2
3.285000E+0	4.721891E+1
3.290000E+0	1.540955E+2
3.295000E+0	-1.451589E+2
3.300000E+0	1.540955E+2
3.305000E+0	4.064189E+1
3.310000E+0	-1.033000E+1
3.315000E+0	3.037226E+2
3.320000E+0	2.922128E+2
3.325000E+0	-8.432146E+1
3.330000E+0	2.215099E+2
3.335000E+0	5.050742E+1
3.340000E+0	2.017788E+2
3.345000E+0	4.434843E+2
3.350000E+0	3.242062E+1
3.355000E+0	1.343644E+2
3.360000E+0	4.138877E+2
3.365000E+0	-5.397236E+0
3.370000E+0	1.639610E+2
3.375000E+0	1.787593E+2
3.380000E+0	-1.418704E+2
3.385000E+0	3.077637E+1
3.390000E+0	-2.487469E+2
3.395000E+0	-3.819315E+2
3.400000E+0	-1.106295E+2
3.405000E+0	-2.569682E+2
3.410000E+0	4.557467E+1
3.415000E+0	-1.714669E+2
3.420000E+0	3.826469E+2
3.425000E+0	3.735340E+1
3.430000E+0	-2.677253E+1
3.435000E+0	5.050744E+1
3.440000E+0	5.708446E+1
3.445000E+0	7.756816E+0
3.450000E+0	4.418400E+2
3.455000E+0	-4.690770E+2
3.460000E+0	6.292851E+2
3.465000E+0	1.343644E+2
3.470000E+0	-2.520354E+2
3.475000E+0	3.875796E+2
3.480000E+0	1.458742E+2
3.485000E+0	-2.290159E+2
3.490000E+0	2.100001E+2
3.495000E+0	1.327202E+2
3.500000E+0	1.104532E+1
3.505000E+0	4.023779E+2
3.510000E+0	1.508070E+2
3.515000E+0	2.231542E+2
3.520000E+0	2.724818E+2
3.525000E+0	7.681551E+1
3.530000E+0	1.228546E+2
3.535000E+0	3.777141E+2
3.540000E+0	4.393042E+1
3.545000E+0	3.349635E+2
3.550000E+0	5.569378E+2
3.555000E+0	6.366147E+1
3.560000E+0	2.280869E+2
3.565000E+0	4.813021E+2
3.570000E+0	-9.418697E+1
3.575000E+0	3.546945E+2
3.580000E+0	4.155320E+2
3.585000E+0	-1.106295E+2
3.590000E+0	3.366077E+2
3.595000E+0	3.415405E+2
3.600000E+0	-2.520354E+2
3.605000E+0	5.766689E+2
3.610000E+0	4.500613E+2
3.615000E+0	-6.459039E+1
3.620000E+0	5.585821E+2
3.625000E+0	4.369073E+2
3.630000E+0	-2.019551E+1
3.635000E+0	4.484170E+2
3.640000E+0	2.149329E+2
3.645000E+0	1.064121E+2
3.650000E+0	4.582826E+2
3.655000E+0	2.593278E+2
3.660000E+0	1.047678E+2
3.665000E+0	5.273413E+2
3.670000E+0	2.774146E+2
3.675000E+0	3.678486E+2
3.680000E+0	4.763694E+2
3.685000E+0	9.819082E+1
3.690000E+0	2.675490E+2
3.695000E+0	5.043217E+2
3.700000E+0	2.346639E+2
3.705000E+0	2.560393E+2
3.710000E+0	4.780136E+2
3.715000E+0	2.543950E+2
3.720000E+0	5.043217E+2
3.725000E+0	5.717361E+2
3.730000E+0	2.412410E+2
3.735000E+0	3.958009E+2
3.740000E+0	4.780136E+2
3.745000E+0	3.563388E+2
3.750000E+0	4.401958E+2
3.755000E+0	6.588816E+2
3.760000E+0	-2.183977E+1
3.765000E+0	5.848902E+2
3.770000E+0	4.319745E+2
3.775000E+0	1.623167E+2
3.780000E+0	5.536493E+2
3.785000E+0	3.514060E+2
3.790000E+0	1.787593E+2
3.795000E+0	7.558927E+2
3.800000E+0	5.125430E+2
3.805000E+0	1.064121E+2
3.810000E+0	6.424391E+2
3.815000E+0	4.401958E+2
3.820000E+0	1.557397E+2
3.825000E+0	5.766689E+2
3.830000E+0	2.100001E+2
3.835000E+0	2.198657E+2
3.840000E+0	6.934110E+2
3.845000E+0	4.056664E+2
3.850000E+0	1.162776E+2
3.855000E+0	5.865344E+2
3.860000E+0	4.961004E+2
3.865000E+0	1.376529E+2
3.870000E+0	4.352630E+2
3.875000E+0	3.990894E+2
3.880000E+0	3.283865E+2
3.885000E+0	6.819012E+2
3.890000E+0	3.053669E+2
3.895000E+0	3.037226E+2
3.900000E+0	5.372068E+2
3.905000E+0	4.303302E+2
3.910000E+0	4.928119E+2
3.915000E+0	5.454281E+2
3.920000E+0	2.774146E+2
3.925000E+0	4.385515E+2
3.930000E+0	6.095540E+2
3.935000E+0	2.790588E+2
3.940000E+0	4.747251E+2
3.945000E+0	4.467728E+2
3.950000E+0	4.886318E+1
3.955000E+0	5.980442E+2
3.960000E+0	5.618706E+2
3.965000E+0	3.406488E+1
3.970000E+0	6.424391E+2
3.975000E+0	4.961004E+2
3.980000E+0	-4.321509E+1
3.985000E+0	6.671029E+2
3.990000E+0	9.992423E+2
3.995000E+0	1.639610E+2
4.000000E+0	4.122434E+2
4.005000E+0	6.835454E+2
4.010000E+0	4.105992E+2
4.015000E+0	6.375063E+2
4.020000E+0	4.319745E+2
4.025000E+0	2.313754E+2
4.030000E+0	7.690467E+2
4.035000E+0	2.807031E+2
4.040000E+0	4.040222E+2
4.045000E+0	8.298841E+2
4.050000E+0	3.662043E+2
4.055000E+0	4.352630E+2
4.060000E+0	7.641139E+2
4.065000E+0	3.678486E+2
4.070000E+0	4.122434E+2
4.075000E+0	8.611249E+2
4.080000E+0	4.303302E+2
4.085000E+0	3.448290E+2
4.090000E+0	6.588816E+2
4.095000E+0	3.102996E+2
4.100000E+0	4.073107E+2
4.105000E+0	5.766689E+2
4.110000E+0	3.267422E+2
4.115000E+0	3.908681E+2
4.120000E+0	5.766689E+2
4.125000E+0	3.119439E+2
4.130000E+0	4.977447E+2
4.135000E+0	3.596273E+2
4.140000E+0	2.149329E+2
4.145000E+0	8.265956E+2
4.150000E+0	5.141872E+2
4.155000E+0	2.708375E+2
4.160000E+0	8.200186E+2
4.165000E+0	8.167301E+2
4.170000E+0	8.010401E+1
4.175000E+0	7.246518E+2
4.180000E+0	7.772680E+2
4.185000E+0	2.297312E+2
4.190000E+0	9.712900E+2
4.195000E+0	6.079097E+2
4.200000E+0	2.313754E+2
4.205000E+0	5.733804E+2
4.210000E+0	6.506604E+2
4.215000E+0	4.040222E+2
4.220000E+0	6.835454E+2
4.225000E+0	6.654586E+2
4.230000E+0	5.931114E+2
4.235000E+0	8.183743E+2
4.240000E+0	5.289855E+2
4.245000E+0	5.668034E+2
4.250000E+0	8.315284E+2
4.255000E+0	3.283864E+2
4.260000E+0	5.931114E+2
4.265000E+0	6.934110E+2
4.270000E+0	2.741261E+2
4.275000E+0	5.618706E+2
4.280000E+0	8.085088E+2
4.285000E+0	9.161380E+1
4.290000E+0	7.558927E+2
4.295000E+0	7.739795E+2
4.300000E+0	2.823473E+2
4.305000E+0	4.615711E+2
4.310000E+0	6.506604E+2
4.315000E+0	2.182214E+2
4.320000E+0	5.848902E+2
4.325000E+0	5.914672E+2
4.330000E+0	4.582826E+2
4.335000E+0	5.092545E+2
4.340000E+0	6.144868E+2
4.345000E+0	4.385515E+2
4.350000E+0	4.878792E+2
4.355000E+0	5.289855E+2
4.360000E+0	4.336188E+2
4.365000E+0	6.966995E+2
4.370000E+0	6.934110E+2
4.375000E+0	5.651591E+2
4.380000E+0	7.854892E+2
4.385000E+0	6.851897E+2
4.390000E+0	4.813021E+2
4.395000E+0	9.153854E+2
4.400000E+0	5.437838E+2
4.405000E+0	4.517056E+2
4.410000E+0	1.005819E+3
4.415000E+0	3.974452E+2
4.420000E+0	6.490161E+2
4.425000E+0	1.018973E+3
4.430000E+0	4.188205E+2
4.435000E+0	6.769684E+2
4.440000E+0	7.230076E+2
4.445000E+0	1.853363E+2
4.450000E+0	7.262961E+2
4.455000E+0	6.819012E+2
4.460000E+0	3.431847E+2
4.465000E+0	8.068645E+2
4.470000E+0	5.520051E+2
4.475000E+0	4.171762E+2
4.480000E+0	7.608254E+2
4.485000E+0	8.561922E+2
4.490000E+0	6.201722E+1
4.495000E+0	8.874330E+2
4.500000E+0	7.986433E+2
4.505000E+0	1.524512E+2
4.510000E+0	1.018973E+3
4.515000E+0	5.865344E+2
4.520000E+0	4.204647E+2
4.525000E+0	7.558927E+2
4.530000E+0	6.013327E+2
4.535000E+0	3.810026E+2
4.540000E+0	8.430382E+2
4.545000E+0	9.268951E+2
4.550000E+0	2.478180E+2
4.555000E+0	9.910211E+2
4.560000E+0	9.055198E+2
4.565000E+0	5.141872E+2
4.570000E+0	8.742790E+2
4.575000E+0	7.164305E+2
4.580000E+0	5.059660E+2
4.585000E+0	8.660577E+2
4.590000E+0	7.591812E+2
4.595000E+0	6.358621E+2
4.600000E+0	8.841445E+2
4.605000E+0	6.490161E+2
4.610000E+0	6.868340E+2
4.615000E+0	9.532032E+2
4.620000E+0	6.227080E+2
4.625000E+0	5.602264E+2
4.630000E+0	9.351164E+2
4.635000E+0	3.398962E+2
4.640000E+0	4.303302E+2
4.645000E+0	8.890773E+2
4.650000E+0	4.796579E+2
4.655000E+0	6.753242E+2
4.660000E+0	9.301836E+2
4.665000E+0	4.961004E+2
4.670000E+0	7.871335E+2
4.675000E+0	8.923658E+2
4.680000E+0	6.227080E+2
4.685000E+0	8.561922E+2
4.690000E+0	8.677020E+2
4.695000E+0	5.059659E+2
4.700000E+0	9.893768E+2
4.705000E+0	9.959538E+2
4.710000E+0	5.454281E+2
4.715000E+0	1.217928E+3
4.720000E+0	7.657582E+2
4.725000E+0	5.174757E+2
4.730000E+0	1.051858E+3
4.735000E+0	7.049208E+2
4.740000E+0	7.706909E+2
4.745000E+0	1.025550E+3
4.750000E+0	7.854892E+2
4.755000E+0	7.394501E+2
4.760000E+0	1.012396E+3
4.765000E+0	7.854892E+2
4.770000E+0	8.841445E+2
4.775000E+0	1.027195E+3
4.780000E+0	5.668034E+2
4.785000E+0	6.950552E+2
4.790000E+0	8.512594E+2
4.795000E+0	3.382520E+2
4.800000E+0	6.473718E+2
4.805000E+0	1.017329E+3
4.810000E+0	3.464733E+2
4.815000E+0	7.739795E+2
4.820000E+0	7.789122E+2
4.825000E+0	5.750246E+2
4.830000E+0	8.413939E+2
4.835000E+0	9.120968E+2
4.840000E+0	6.161310E+2
4.845000E+0	7.937105E+2
4.850000E+0	9.170296E+2
4.855000E+0	4.451285E+2
4.860000E+0	7.838450E+2
4.865000E+0	9.860883E+2
4.870000E+0	7.213633E+2
4.875000E+0	8.956543E+2
4.880000E+0	1.212104E+2
4.885000E+0	6.769684E+2
4.890000E+0	2.234078E+3
4.895000E+0	8.348169E+2
4.900000E+0	6.227080E+2
4.905000E+0	1.032127E+3
4.910000E+0	8.002875E+2
4.915000E+0	6.391506E+2
4.920000E+0	1.073234E+3
4.925000E+0	5.750246E+2
4.930000E+0	7.361616E+2
4.935000E+0	7.690467E+2
4.940000E+0	-4.615887E+3
4.945000E+0	-6.367910E+2
4.950000E+0	5.339183E+2
4.955000E+0	4.615711E+2
4.960000E+0	6.917667E+2
4.965000E+0	7.690467E+2
4.970000E+0	3.546945E+2
4.975000E+0	9.120968E+2
4.980000E+0	8.364611E+2
4.985000E+0	4.517055E+2
4.990000E+0	6.983437E+2
4.995000E+0	1.022262E+3
5.000000E+0	5.454280E+2
